90
210
260
310
480
510
520
530
540
560
590
640
650
740
760
970
990
1210
1220
1240
1260
1270
1290
1320
2110
2150
2350
2410
2430
2460
2530
2740
2770
2860
2930
3000
3030
3040
3150
3160
3200
3220
3370
3470
3630
3640
3650
3750
3840
4010
4020
4200
4210
4270
4280
4330
4450
4480
4540
4550
4590
4610
4730
4830
4910
4930
4940
5010
5040
5060
5070
5200
5270
5360
5450
5480
5510
5520
5540
5560
5590
5680
5710
5720
5750
5810
5840
5850
5880
5890
5900
5930
5970
5990
6100
6110
6330
6340
6350
6360
6520
6530
6540
6570
6590
6610
6700
6720
6820
7060
7080
7240
7250
7270
7290
7500
7630
7700
7790
7820
7850
7870
7920
7930
7950
8040
8060
8070
8110
8160
8510
8610
8620
8630
8670
8680
8710
8730
8740
8770
8840
8950
9240
9320
9330
9360
9370
9810
9870
9890
9910
9920
9990
10000
10010
10030
10050
10400
10410
10430
10480
10540
10570
10590
10630
10640
10650
10660
10700
11060
11070
11120
11170
11350
11420
11440
11460
11520
11600
11900
12170
12260
12550
12630
12800
12840
12850
12860
12880
13120
13180
13260
13650
13660
13700
15140
15150
15260
15310
15360
15530
15550
15640
15660
16470
16480
16830
17000
17030
17040
17050
17210
17220
17310
17400
17590
17760
17790
18060
18310
18490
18530
19090
19330
19840
19890
19910
19930
19940
19950
19960
19970
19990
20400
20520
20590
20840
20930
21040
21140
21150
21160
21180
21610
21750
21920
21930
21940
21950
21960
21970
21980
21990
22000
22010
22100
22110
22120
22130
22140
22150
22160
22170
22180
22200
22220
22230
22300
22320
22330
22340
22350
22360
22370
22380
22400
22410
22420
22430
22440
22450
22460
22470
22480
22490
22500
22510
22520
22600
22610
22620
22630
22640
22650
22660
22670
22680
22690
22700
22800
22870
22880
22890
23100
23110
23120
23130
23140
23150
23160
23170
23180
23200
23300
23310
23320
23330
23340
23350
23360
23380
23390
23400
23410
23420
23440
23450
23460
23470
23480
23490
23500
23510
23520
23530
23550
23600
23610
23700
24010
24030
24040
24050
24060
24070
24080
24090
24100
24110
24120
24130
24140
24150
24180
24190
24200
24210
24220
24230
24240
24400
24410
24420
24430
24440
24460
24470
24480
24500
24600
24610
24620
24630
24640
24650
24660
24670
24700
24710
24720
24760
24770
24780
24790
24800
24810
24820
24830
24850
24860
24870
24880
24920
24950
25000
25010
25300
25310
25320
25330
25340
25350
25360
25370
25380
25390
25500
25510
25600
25610
25620
25700
25710
25730
25740
25750
25760
25800
25810
25830
25840
25850
25860
25870
25880
25890
25900
25910
25920
25930
25940
25960
25970
25980
25990
26000
26010
26100
26110
26120
26130
26140
26160
26170
26180
26300
26500
26510
26700
21970
22460
22480
22490
22640
22700
22800
22870
22880
22890
23100
23110
23120
23130
23140
23160
23170
23180
23200
23330
23340
23350
23390
23480
24030
24040
24050
24060
24080
24090
24110
24120
24130
24140
24150
24180
24190
24210
24220
24230
24470
24500
24600
24610
24620
24630
24700
24770
24850
24860
24920
24950
25300
25310
25320
25330
25340
25350
25360
25370
25380
25390
25730
25740
25750
25840
25880
25920
25970
26100
26110
26120
26130
26140
26160
26170
26180
26720
27220
27240
27300
28050
28060
28110
29100
29110
29500
29520
29530
29550
29590
29600
29610
29620
29630
29660
29670
29680
29690
29710
30000
30010
30040
31410
31420
31720
31740
32690
32700
32830
33260
33270
33310
33360
33370
33420
33500
33510
33540
33630
33740
33920
33960
34000
34120
34170
34250
34390
34490
34610
34650
34670
34680
34850
34860
35030
35040
35060
35100
35470
36630
36700
36710
37250
37350
37910
37920
38220
38800
38810
38830
38900
39130
39180
39250
39260
39570
39580
39710
40120
40130
40230
40410
40430
40810
40920
41010
41020
41030
41040
41080
41090
41310
41520
41610
41690
41710
41720
41760
42110
42160
42320
42510
42520
42690
42720
42740
42750
42830
42840
42860
42870
43120
43140
43160
43210
44300
44320
44630
44720
45900
46210
46220
46230
46320
46330
46390
46420
46430
46470
47010
47420
47430
47770
47850
47900
47940
48180
48210
48260
48830
50140
50400
50410
50430
50440
50470
50900
51040
51100
55010
55030
55050
55130
55180
55190
55210
55220
55280
55290
56460
56490
57310
57500
57510
57630
57720
57910
57920
57940
57970
57980
58300
58310
58510
58540
58600
61000
61220
61530
61800
61810
61820
61830
63010
63210
63220
63230
63600
63920
63930
64030
65090
65120
65210
65220
65230
65240
65260
65770
65810
65950
67210
67250
67310
70010
70610
71270
71280
71300
71310
71320
71400
71410
72300
72310
72510
72520
72530
72770
72780
72910
73000
73040
73110
73180
80020
80400
80410
80440
80460
80510
80520
80550
80580
80590
80600
80610
80620
80630
80640
80650
80660
80670
80680
80690
80700
80710
80720
80730
80740
80750
80760
80770
80780
80790
80800
80810
80820
80830
80840
80850
80860
80870
80880
80890
80900
80910
80920
80930
80940
80950
80960
80970
80980
81050
81060
81080
81090
81100
81150
81190
81230
81340
81380
81400
81460
81470
81480
81520
81530
81540
81600
81610
81620
81630
81660
81700
81740
81760
81770
81790
81810
81820
81830
81850
81870
81890
81900
81930
81970
81980
81990
82010
82020
82030
82080
82130
82160
82180
90100
90110
90530
90800
90810
90900
91210
91310
91720
91920
91930
92230
92240
92250
92500
95500
95510
96300
96810
98810
99110
99310
99810
99850
99870
99890
99920
99930
100410
100970
101000
102000
102020
102030
102210
102620
102700
102800
102820
102830
104010
104310
104700
104800
105200
105400
105410
105430
105610
106000
107000
107010
107400
107900
109400
109410
111710
113900
200000
200050
200060
200180
200320
200330
200340
200350
200400
200600
200630
200730
200770
200780
200790
200800
200810
200820
200830
200840
200850
201020
201040
201190
201280
201330
201600
201700
201890
201930
201960
201970
202010
202020
202030
202040
202090
202110
202190
202220
202230
202240
202270
202390
202480
202550
202570
202880
202920
202930
202950
202960
203050
203190
203230
203250
203300
203600
203850
204080
204140
204280
204350
204420
204470
204650
204800
204820
205120
205140
205180
205790
205860
205890
205930
206180
206310
206550
206560
206570
206580
206590
206740
206750
206940
206950
206960
206970
206980
207210
207270
207630
207890
208030
208050
208100
208130
208220
208290
208320
208340
208610
209300
209340
209720
209890
210070
210080
210100
210110
210190
210290
210370
210410
210430
210450
210840
210990
211000
211050
211090
211380
211880
211940
212090
212180
212220
212240
212330
212370
212440
212450
212580
212720
213040
213050
213410
213430
213470
213530
213550
213570
213590
213630
214050
214230
214270
214320
214400
214640
214850
215060
215250
215320
215350
215360
215490
215590
215820
215990
216010
216170
216250
216280
216370
216390
216530
216570
216610
216630
216840
216850
217060
217350
217370
217390
217410
217430
217490
217510
217550
217570
217590
217610
217630
217650
217760
217780
217810
217830
217860
217940
217980
218130
218170
218180
218210
218450
218470
218630
218780
218800
219210
219360
219540
219600
219720
219800
219870
220050
220070
220140
220180
220280
220400
220500
220600
220620
220640
220680
221000
221080
221090
221120
221200
221340
221410
221430
221500
221790
221870
221980
222320
222540
222710
222960
222970
223060
223070
223140
223160
223240
223250
223260
223300
223350
223390
223530
223650
223670
223910
224060
224240
224320
224340
224360
224420
224560
224620
224780
224800
225060
225100
225140
225180
225370
225760
226080
226150
226170
226260
226320
226470
226490
226760
226800
226980
226990
227040
227050
227140
227240
227660
227680
227720
227740
227960
227980
228000
228020
228240
228460
228500
228520
228540
228580
228780
228880
228940
228980
229150
229160
229170
229330
230010
230030
230170
230250
230350
230790
230830
230940
231180
231230
231340
231390
231670
231970
231990
232130
232150
232210
232250
232330
232510
232640
232690
232710
232730
232830
233010
233250
233390
233570
233630
233780
233870
234060
234430
234530
234730
234740
234980
235560
235610
235640
235700
235740
236530
236590
236650
236830
236990
237170
237210
237230
237250
237270
237410
237530
237590
237680
237700
237720
238110
238120
238130
238170
238250
238270
238340
238480
238590
238650
238670
238690
238710
239220
239240
239280
239390
239450
239490
239510
239570
239680
239760
239780
239860
239880
239890
239900
239920
239940
239950
240020
240040
240060
240070
240080
240100
240110
240120
240130
240140
240150
240160
240180
240200
240220
240380
240460
240580
240610
240840
240850
240860
240870
240880
240890
240910
240930
240940
240950
240990
241040
241050
241060
241070
241090
241100
241120
241130
241140
241150
241230
241340
241360
241490
241500
241640
241890
241960
241970
241990
242150
242280
242290
242320
242360
242380
242460
242480
242520
243180
243300
243320
243380
243730
243750
244230
244290
244310
244350
244370
244390
244470
244650
245030
245070
245130
245190
245340
245350
245640
245680
245850
246210
246260
246280
246380
246400
246460
246600
247390
247450
247560
247580
247620
247640
247830
247930
248950
249070
249120
249380
249700
250740
250940
251040
251090
251790
251970
252210
252590
252990
253470
253830
254000
254020
254040
254170
254180
254240
254270
254420
254620
254650
254670
255000
255010
255030
255190
255210
255470
255480
255550
255580
255780
256050
256100
256120
256230
256350
256480
256490
256500
256530
257080
257210
257280
257330
257890
258130
258160
258260
258300
258320
258450
258550
258580
258740
258780
258940
259270
259280
259300
259360
260100
260300
260310
260320
260400
260460
260770
261020
261130
261200
261240
261310
261430
261450
261590
261620
261660
262340
262360
262880
263260
263440
264800
264820
264910
264920
264970
265020
265060
265200
265420
265570
265650
266550
266620
266710
266720
266750
266760
266800
266810
266870
266940
267000
267160
267180
267420
267480
267510
267550
267570
267580
267590
267710
267820
267860
267870
268110
268290
268300
268310
268590
268600
269390
269450
269910
270740
270900
270930
270990
271000
271080
271090
271110
271120
271180
271380
271520
271540
271710
271750
271800
271810
271840
271940
272030
272260
272290
272350
272490
272640
272830
272880
272910
273390
273450
273520
273530
273550
274100
274110
274150
274160
274390
274440
274470
274800
275000
275370
275440
275550
276020
276060
276160
276200
276210
277530
277580
277950
277970
278130
278140
278700
278730
279100
279840
280440
280620
280760
281130
281150
281510
281630
281720
281810
281960
281980
282130
282160
282350
282500
282580
283810
283900
284430
284480
284510
284670
284700
285030
285050
285230
285250
285270
285290
285400
285610
285620
285630
286500
286910
287280
287360
287410
287420
287490
287530
287540
287670
287680
287770
288250
288340
288390
288570
288780
288800
288810
288820
288900
288980
289010
289120
289550
290140
290630
290830
291090
291210
291500
291520
291540
291820
291830
292470
292640
292680
292700
292750
292950
292960
293010
293030
293080
293110
293120
293130
293140
293300
293360
293560
293820
294300
294420
294850
295230
295270
295330
295350
295390
295810
296270
296320
296340
296350
296610
296950
297090
297390
297600
297610
297650
297690
297700
297800
297910
298740
298910
298970
299010
299310
299370
299640
299700
299890
299990
300140
300200
300640
300660
300920
300960
300980
300990
301270
301480
301890
302120
302200
302530
302550
303740
303760
303850
303890
303920
304220
304270
304620
304710
304890
305190
305410
305420
305430
305530
305540
306060
306110
306190
306280
306300
306320
306330
306470
306720
306880
307530
307540
307720
308150
308160
309970
310090
310680
310750
311030
311600
311990
312000
312260
312270
312390
312800
313110
313220
313350
313710
313900
313990
314130
314530
314750
314780
315030
315100
315220
315410
315420
315440
315530
315640
315720
315880
315970
316000
316110
316390
316470
316570
316920
316980
317000
317140
317170
317260
317450
317460
317670
317740
318060
318070
318110
318150
318240
318590
318620
318720
318790
318800
318810
318940
318980
318990
319020
319030
319060
319070
319150
319240
319410
319580
319750
319790
319800
319920
320020
320050
320180
320190
320220
320390
320420
320550
320590
320850
320890
321040
321070
321210
321230
321250
321280
321640
321650
321730
321770
321900
321930
322010
322050
322090
322150
322160
322250
322360
322460
322600
322740
322820
322830
322840
322960
323010
323110
323210
323360
323750
324060
324180
324200
324230
324280
324330
324350
324600
324690
324790
324870
324890
324910
324920
325070
325080
325170
325490
325600
325660
325680
325690
325940
326030
326350
326500
326620
326740
326770
326880
327100
327230
327360
327770
327810
327850
327970
328130
328140
328240
328260
328390
328400
328750
328810
328860
328950
329030
329510
329580
329590
329600
329710
329720
329840
330030
330040
330140
330160
330210
330340
330360
330380
330480
330610
330700
330710
330750
330760
330960
330970
330980
331050
331310
331330
331420
331560
331660
331780
331950
332190
332220
332230
332670
332750
332850
332990
333000
333030
333060
333140
333230
333310
333470
333480
333530
333630
333740
333780
333820
333850
333860
334050
334060
334340
334380
334590
334600
334610
334890
334900
334930
335060
335590
335650
335880
335930
335950
336050
336070
336170
336310
336400
336620
336650
336790
336800
374730
374930
375340
375380
375720
375880
375960
376010
376020
376030
376050
376070
376090
376280
376540
376610
376670
376890
376900
377210
377640
377790
377990
378120
378180
378200
378220
378250
378650
378670
378950
379030
379200
379670
379680
379700
379800
379820
380010
380060
380230
380610
380770
380870
381150
381570
381650
381690
381720
381730
382000
382010
382030
382280
382450
382820
382850
383040
383110
383410
383430
383760
383900
383910
384140
384370
384430
384440
384450
384460
384540
384620
384850
385170
385460
385470
385720
386230
386270
386300
386450
386720
386730
386790
386800
386830
387050
387650
387740
387960
388480
388580
388950
389280
389300
389350
389370
389380
389600
389770
389950
389960
390070
390230
390320
390590
391200
391750
391920
391940
391950
392060
392240
392300
392340
392390
392760
392790
392830
392980
393100
393160
393250
393740
393850
394000
394060
394200
394370
394410
394420
394910
395210
396220
396450
396560
396740
396830
400690
400760
400820
400850
400890
400900
400920
400930
400960
400970
400980
400990
401000
401010
401020
401030
401040
401050
401060
401070
401080
401340
401350
401430
401440
401450
401460
401470
337020
337100
337170
337690
337810
337870
337910
338340
338400
338470
338510
338520
338600
338720
338740
338920
338950
339010
339410
339760
339900
340110
340230
340970
341340
341450
341840
341850
342290
342680
342880
343010
343310
343330
343480
343590
343660
343700
343970
343980
344110
344250
344350
344380
344390
344420
344650
344670
344790
345000
345170
345190
345570
345830
346270
346400
346680
346740
346860
346870
347380
347410
347640
347650
347970
348080
348350
348500
348850
348900
349110
349750
349990
350060
350280
350410
350420
350430
350450
350680
350730
350820
350840
351040
351590
351660
351840
352080
352490
352540
352730
352820
352830
352870
352920
352940
352980
352990
353120
353310
353390
353400
353410
353420
353430
353440
353450
353460
353470
353480
353490
353500
353510
353520
353530
353860
353870
354060
354170
354390
354700
354830
355030
355200
355210
355730
355990
356140
356200
356350
356640
356740
356750
357060
357210
357820
357980
358110
358430
358480
358620
358720
358850
358910
359000
359120
359290
359380
359480
359850
359950
360070
360230
360240
360480
360610
360700
360920
360930
361180
361240
361270
361480
361490
361530
361580
362000
362040
362170
362340
362420
362630
362640
362720
363030
363230
363340
363540
363570
363830
363910
364520
364530
364540
364550
364560
364570
364580
364590
364600
364610
364620
364650
364730
365000
365180
365750
365920
366150
366490
366840
366850
367540
367690
367730
367740
367750
367760
367770
367840
367920
367940
367960
367970
368010
368090
368320
368420
368790
368840
368930
369140
369170
369320
369520
369620
369630
370250
370820
371250
371260
371600
371740
371810
371840
372260
372370
372410
372580
372630
372650
372920
373030
373080
373680
373700
373910
374220
374700
374710
374720
374740
397050
397080
397140
397530
397610
397880
398630
398910
399290
399300
399310
399320
399330
399340
399550
399560
399570
399660
399680
399750
399940
400330
400460
400480
401530
401540
401600
401610
401740
401870
402110
402230
402240
402270
402370
402470
402480
402490
402520
402740
403150
403170
403240
403480
403630
403750
403760
403770
404130
404140
404290
404310
404320
404330
404340
404350
404370
404990
405100
405210
405220
405230
405270
405470
405690
405700
406020
406230
406240
406420
406700
406770
407010
407090
407240
407250
407480
407510
407540
407570
407660
407730
407870
407890
408040
408330
408370
408380
408390
408500
408560
408630
408970
409500
409550
410170
410220
410250
410280
410350
410420
410610
410630
410640
410650
410690
410700
410950
411040
412330
412590
412680
412720
412820
412940
412950
413010
413080
413090
413100
413180
413340
413440
413690
413770
414130
414300
414460
414480
414570
414650
414790
415100
415110
415120
415310
415360
415410
415790
416410
416880
417280
417730
417740
417950
418010
418020
418130
418200
418480
418550
418720
418880
418900
419120
419230
419270
419400
419490
419540
419560
419570
419630
419670
419690
419720
419790
419890
420320
420780
421010
421070
421080
421090
421130
421270
421650
421720
421730
421800
421860
421910
422080
422230
422290
422310
422360
422950
422960
423020
423030
423040
423050
423060
423070
423110
423410
423840
424020
424050
424580
424690
424860
425190
425200
425420
425490
425540
425550
425570
425620
425690
425780
425790
425980
426230
426270
426320
426610
426660
426750
426810
426900
427080
427460
427560
427720
427920
428420
428720
428780
428890
428970
429010
429400
429880
430040
430090
430260
430390
430480
431780
431790
431800
432060
432080
432610
432760
432840
433040
433560
433800
434120
435110
435160
435210
435330
435890
436150
436350
436890
437300
437410
437800
437940
437950
437960
437970
437980
437990
438510
438520
438530
438700
438840
438990
439030
439050
439070
439090
439110
439130
439150
439170
439240
439360
439400
439410
439480
439950
440400
441290
441470
441520
441780
441920
441930
442180
442240
442320
442330
442360
442700
442900
442990
443030
443050
443080
443100
443230
443240
443510
443840
443900
444450
444510
444700
445150
445180
445280
445390
445780
445900
446270
446360
446740
447260
447500
447680
447760
448460
449230
449380
449670
449740
449970
450530
450770
450880
450980
451040
451180
451280
451320
451430
451820
452040
452200
452250
452640
452770
453170
453190
453410
453420
453490
453590
453630
454490
454510
454760
455130
455380
455580
455610
455630
456250
456370
456960
457030
457040
457070
457220
457360
457990
458800
458840
458870
459450
459740
460040
460090
460110
460300
460320
460350
460460
460590
460670
460690
460870
460980
461330
461420
461610
462310
462660
462720
462880
463690
464250
464820
464930
465460
465680
465940
466510
468430
468630
469560
470150
470290
471230
471350
471390
471420
471520
471580
471610
472030
472810
472840
472860
473790
473900
473980
474780
474800
475370
475450
476390
476400
476520
476950
477040
477150
477220
477240
477780
477820
477940
479190
480540
480550
482850
482870
483810
483940
485250
485990
486160
486420
486590
486610
486710
487460
487470
487680
487710
487780
487800
487820
487840
487860
487880
487900
487920
488010
488250
488260
488980
489030
489650
489890
489980
490500
490680
490830
491320
491460
491480
491500
491610
491940
491960
491970
491980
491990
492000
492010
492020
492030
492040
492050
492060
492360
492580
492810
493090
493420
493440
493970
494200
494510
