10
20
30
40
50
60
70
80
100
130
150
220
240
280
300
320
340
360
380
400
410
420
440
500
550
570
620
630
660
730
900
920
930
940
950
960
980
1200
1230
1250
1280
1300
1500
1510
1520
1530
1540
1600
1610
1620
1630
1640
1670
1690
1700
1710
1840
1900
1920
1930
2100
2120
2130
2200
2210
2270
2280
2310
2320
2360
2370
2390
2400
2420
2450
2500
2510
2520
2540
2550
2590
2600
2610
2620
2630
2640
2680
2690
2700
2710
2720
2730
2760
2790
2800
2810
2820
2840
2850
2870
2900
2910
2920
2950
2990
3010
3020
3050
3130
3170
3190
3210
3230
3260
3270
3280
3300
3310
3320
3330
3340
3350
3360
3380
3390
3400
3410
3420
3430
3450
3460
3480
3490
3500
3510
3520
3530
3540
3560
3570
3580
3590
3600
3610
3620
3700
3710
3720
3730
3800
3810
3820
3830
3850
3900
3910
3920
3960
3970
3980
3990
4000
4100
4230
4240
4260
4290
4300
4310
4320
4400
4410
4420
4440
4460
4470
4500
4520
4530
4560
4570
4580
4600
4700
4710
4720
4760
4770
4780
4790
4800
4810
4820
4850
4870
4880
4890
4900
4920
5000
5020
5030
5050
5080
5090
5100
5120
5130
5140
5150
5160
5170
5180
5190
5210
5220
5240
5250
5260
5280
5290
5300
5310
5320
5330
5340
5350
5370
5390
5400
5410
5420
5430
5460
5470
5500
5530
5550
5570
5580
5600
5610
5620
5630
5640
5650
5660
5670
5690
5700
5730
5740
5760
5770
5780
5790
5820
5830
5860
5870
5910
5940
5950
5960
5980
6000
6010
6020
6030
6040
6060
6080
6090
6120
6130
6200
6210
6220
6230
6250
6260
6270
6290
6300
6310
6320
6370
6400
6410
6420
6510
6580
6600
6800
6810
6830
6840
6850
6860
6870
6880
6900
6910
6920
6930
6940
6950
6980
7000
7010
7020
7030
7050
7110
7200
7210
7220
7230
7260
7280
7340
7400
7410
7420
7430
7440
7450
7470
7490
7510
7520
7530
7600
7610
7620
7650
7660
7670
7710
7730
7740
7760
7770
7780
7800
7810
7830
7840
7860
7880
7890
7900
7910
7940
7980
7990
8000
8010
8030
8080
8090
8100
8140
8150
8170
8180
8190
8310
8320
8330
8400
8500
8600
8640
8650
8660
8690
8700
8720
8750
8760
8790
8800
8820
8830
8850
8870
8880
8890
8900
8910
8930
8970
8980
8990
9010
9050
9060
9120
9180
9200
9300
9310
9340
9350
9400
9420
9440
9450
9460
9480
9500
9510
9710
9730
9740
9760
9800
9850
9860
9880
9900
9940
9950
9960
9970
9980
10040
10080
10090
10100
10110
10120
10130
10140
10150
10170
10180
10190
10220
10230
10240
10250
10260
10270
10420
10440
10460
10470
10490
10500
10510
10520
10560
10600
10620
10680
10690
11000
11020
11040
11050
11080
11090
11130
11140
11150
11180
11190
11200
11220
11230
11240
11250
11260
11270
11280
11340
11370
11390
11450
11470
11480
11500
11550
11610
11910
11920
12130
12140
12150
12180
12200
12210
12220
12300
12310
12320
12330
12360
12370
12380
12390
12400
12420
12430
12440
12450
12460
12470
12480
12500
12510
12520
12530
12540
12560
12570
12580
12590
12600
12640
12650
12660
12670
12690
12710
12720
12810
12820
12890
12900
12910
13000
13010
13140
13500
13510
13520
13530
13540
13560
13570
13580
13600
13620
13630
13640
15000
15060
15080
15100
15120
15130
15160
15170
15190
15200
15210
15220
15240
15270
15280
15290
15300
15320
15330
15350
15370
15380
15390
15400
15500
15510
15520
15560
15620
15680
15700
15710
15720
15730
15740
15750
15800
15810
15900
15910
15920
15930
15940
15960
15970
15980
15990
16000
16020
16030
16040
16060
16090
16100
16110
16120
16130
16140
16150
16160
16170
16180
16190
16200
16210
16300
16420
16450
16500
16510
16600
16610
16620
16630
16700
16710
16720
16730
16810
16860
16870
16900
17020
17080
17100
17110
17120
17140
17180
17330
17340
17390
17410
17420
17440
17460
17470
17480
17500
17510
17520
17530
17550
17570
17580
17700
17710
17730
17740
17750
17800
17810
18000
18010
18020
18030
18040
18050
18070
18080
18100
18110
18120
18300
18400
18420
18430
18440
18450
18460
18470
18480
18500
18510
18520
18600
18610
18700
18710
18800
18820
19000
19020
19030
19060
19080
19200
19210
19320
19500
19510
19680
19800
19810
19830
19900
19980
20200
20500
20510
20530
20540
20550
20560
20570
20700
20710
20720
20730
20820
20900
20920
21000
21010
21020
21030
21070
21080
21090
21100
21110
21120
21130
21300
21310
21400
21410
21500
21510
21620
21650
21660
21670
21680
21690
21730
21760
21780
21800
21900
21910
22310
21980
21990
22000
22010
22100
22110
22120
22130
22140
22150
22160
22170
22180
22200
22220
22230
22300
22310
22320
22330
22340
22350
22360
22370
22380
22400
22410
22420
22430
22440
22450
22470
22500
22510
22520
22600
22610
22620
22630
22650
22660
22670
22680
22690
23150
23300
23310
23320
23360
23380
23400
23410
23420
23440
23450
23460
23470
23490
23500
23510
23520
23530
23550
23600
23610
23700
24010
24070
24100
24200
24240
24400
24410
24420
24430
24440
24460
24480
24640
24650
24660
24670
24710
24720
24760
24780
24790
24800
24810
24820
24830
24870
24880
25000
25010
25500
25510
25600
25610
25620
25700
25710
25760
25800
25810
25830
25850
25860
25870
25890
25900
25910
25930
25940
25960
25980
25990
26000
26010
26300
26500
26510
26700
26710
26800
26810
26900
26910
27000
27020
27030
27040
27050
27200
27400
27610
27800
27810
27900
27910
27920
27930
27940
28000
28010
28020
29120
29130
29140
29150
29160
29170
29180
29200
29540
29560
29570
29580
29640
29650
29700
29720
29800
29900
31100
31110
31120
31130
31160
31170
31180
31190
31200
31210
31220
31230
31240
31250
31260
31270
31280
31290
31300
31500
31700
31710
31800
31810
31820
31830
31840
31850
31860
31870
31880
31890
31900
31910
31920
31930
31940
31950
31960
31970
31990
32000
32010
32110
32120
32130
32140
32150
32160
32200
32210
32310
32330
32340
32350
32360
32370
32380
32390
32400
32410
32430
32440
32450
32460
32470
32500
32510
32610
32620
32630
32640
32650
32660
32680
32710
32720
32730
32740
32750
32760
32770
32900
33100
33110
33120
33130
33140
33150
33160
33170
33180
33190
33220
33230
33280
33290
33320
33390
33400
33460
33520
33530
33550
33560
33570
33580
33600
33610
33620
33650
33660
33670
33680
33700
33710
33720
33730
33750
33760
33770
33780
33790
33900
33910
33930
33950
33970
33980
33990
34010
34030
34050
34110
34190
34200
34220
34330
34350
34400
34410
34420
34440
34450
34460
34470
34500
34510
34600
34620
34630
34640
34660
34800
34810
34820
34830
34870
34880
34900
34910
34920
34930
35000
35010
35020
35050
35070
35080
35090
35110
35130
35140
35150
35300
35310
35320
35450
35460
35480
35490
35500
35510
35600
35700
35710
35720
35800
36000
36130
36150
36900
36910
36920
36930
37000
37200
37210
37220
37230
37240
37260
37270
37280
37290
37300
37310
37320
37330
37340
37360
37370
37380
37390
37400
37410
37420
37500
37510
37600
37800
37810
37900
37930
37940
37950
37960
37970
37980
37990
38000
38010
38020
38030
38040
38050
38060
38070
38080
38090
38100
38110
38120
38130
38140
38150
38160
38170
38180
38190
38200
38210
38230
38240
38400
38410
38420
38430
38440
38450
38460
38480
38490
38530
38600
38700
38710
38720
38730
38740
38750
38820
38910
38920
39000
39100
39110
39120
39140
39150
39160
39190
39200
39210
39230
39270
39300
39310
39320
39330
39350
39360
39370
39380
39500
39510
39520
39530
39540
39550
39560
39590
39600
39610
39620
39630
39640
39650
39660
39670
39680
39690
39800
39810
39900
40000
40100
40140
40200
40210
40300
40310
40320
40330
40340
40350
40360
40380
40390
40400
40420
40500
40510
40700
40710
40720
40800
40930
40940
40950
40960
40970
40980
40990
41000
41050
41060
41070
41100
41110
41210
41220
41300
41400
41500
41510
41600
41660
41670
41680
41700
41730
41740
41800
41810
41900
42000
42120
42140
42170
42180
42190
42200
42210
42220
42230
42500
42640
42660
42670
42680
42700
42710
42730
42800
42810
42820
42850
42890
42900
42910
42920
42930
42940
42950
42960
42980
42990
43000
43100
43190
43500
43600
44000
44100
44110
44340
44350
44600
44620
44650
44660
44670
44680
44690
45100
45200
45300
45310
45400
45410
45420
45430
45450
45460
45720
45740
45750
45760
45770
45790
46000
46010
46200
46250
46260
46270
46280
46290
46340
46350
46360
46370
46380
46400
46410
46440
46450
46460
46480
46490
46500
46510
46520
46540
46550
46560
46570
46600
46610
46700
46710
46720
46730
46740
46750
46760
46770
46790
46830
46840
46850
47000
47110
47120
47130
47400
47410
47500
47520
47530
47540
47570
47700
47780
47790
47810
47830
47890
47920
47930
48000
48010
48110
48120
48150
48160
48190
48220
48240
48280
48700
48710
48720
48800
48810
48900
48950
49000
49300
49310
49320
49330
49340
49460
49480
49520
49540
49600
49610
49700
49800
49810
49900
50000
50010
50100
50110
50120
50130
50280
50310
50510
50620
50640
50650
50800
50910
50920
50930
50940
50960
50970
50980
50990
51000
51010
51020
51030
51060
55000
55020
55040
55100
55110
55140
55150
55230
55340
55370
55380
55390
55400
55410
55470
56400
56480
57000
57010
57200
57210
57300
57400
57600
57610
57620
57650
57680
57690
57700
57710
57730
57740
57750
57800
57900
58200
58220
58230
58240
58400
58410
58520
58550
58560
58570
58580
58610
60340
60350
60600
60610
60700
60800
60810
61010
61100
61230
61310
61500
61510
61520
61600
61730
62000
62100
63000
63110
63200
63380
63500
63610
63620
63630
63640
63650
63660
63700
63710
63800
63900
63910
63940
63950
63960
64000
65070
65080
65100
65110
65200
65250
65270
65300
65400
65410
65500
65520
65530
65540
65560
65600
65610
65700
65720
65730
65740
65760
65780
65790
65800
65900
65920
65930
65980
66000
67000
67010
67100
67350
67370
70000
70100
70110
70120
70130
70140
70300
70310
70400
70410
70420
70430
70500
70510
70600
70620
70640
70650
70660
70900
70910
71000
71250
71340
71420
72000
72400
72410
72730
72740
72750
72760
72840
72850
72900
73010
73020
73030
73050
73060
73120
73170
73190
73210
73230
78000
80000
80010
80200
80300
80310
80330
80340
80350
80360
80420
80430
80450
80470
80490
80500
80530
80540
80560
80570
80990
81000
81010
81020
81030
81040
81070
81110
81120
81130
81140
81160
81170
81180
81200
81210
81220
81240
81250
81260
81270
81280
81290
81300
81310
81320
81330
81350
81360
81370
81390
81410
81420
81430
81440
81450
81490
81500
81510
81550
81560
81570
81580
81590
81640
81650
81670
81680
81690
81710
81720
81730
81750
81780
81800
81840
81860
81880
81910
81920
81940
81950
81960
82000
82040
82050
82060
82070
82090
82100
82140
82170
90200
90210
90400
90410
90500
90520
91100
91110
91200
91330
91600
91610
91700
91800
91810
91820
91830
91900
92000
92100
92200
92210
92220
92300
92310
92400
92600
92620
92700
92800
92810
92900
93200
94000
94200
94300
94400
94500
94510
94520
94530
94590
94600
94610
94620
95300
95310
95400
95700
95900
96000
96010
96100
96200
96800
96900
97000
97010
97110
97120
97130
97340
98100
98200
98210
98220
98300
98400
98500
98510
98600
98610
98800
98820
98900
99100
99120
99300
99400
99410
99610
99700
99830
99900
99910
100400
102200
102220
102400
102410
102500
102600
102610
102810
102840
102850
104000
104020
104100
104200
104300
104600
104900
105000
105100
105300
105310
105420
105600
105700
105710
105800
106010
106020
107100
107110
107200
107210
107300
107310
107410
107430
107600
107610
108100
108110
108210
108500
108600
108700
108710
108800
109200
109500
109600
109700
109720
110400
110500
110520
110600
110610
110630
110800
111000
111010
111020
111030
111100
111300
111400
111600
111610
111800
111900
111910
112100
112110
113020
113200
113400
113420
115100
115110
115120
115200
115210
115220
115300
115320
115340
115800
116100
116120
200010
200020
200030
200080
200130
200150
200170
200190
200210
200230
200240
200260
200300
200310
200370
200390
200410
200440
200490
200510
200530
200550
200570
200590
200610
200620
200650
200670
200710
200860
200870
200880
200890
200900
200910
200960
200980
200990
201000
201010
201060
201070
201090
201100
201120
201160
201170
201210
201230
201270
201290
201310
201420
201430
201480
201490
201510
201570
201680
201720
201760
201790
201810
201830
201870
202070
202130
202170
202200
202290
202310
202370
202410
202450
202520
202530
202610
202650
202670
202690
202710
202730
202750
202860
202970
202990
203060
203140
203160
203210
203290
203340
203350
203510
203530
203560
203630
203650
203670
203700
203730
203750
203770
203830
203970
203990
204010
204030
204050
204060
204100
204120
204180
204220
204240
204260
204290
204300
204310
204340
204360
204380
204390
204410
204440
204450
204510
204530
204560
204580
204610
204630
204680
204840
204860
204880
204900
204920
204940
205020
205060
205070
205080
205100
205150
205160
205170
205230
205250
205270
205330
205350
205370
205530
205550
205590
205610
205630
205650
205690
205700
205710
205730
205750
205810
205830
205840
205870
205910
205990
206020
206040
206060
206170
206190
206230
206250
206290
206370
206410
206420
206440
206450
206480
206500
206610
206650
206690
206710
206720
206730
206760
207000
207010
207020
207040
207060
207080
207100
207130
207140
207170
207190
207230
207250
207320
207350
207420
207430
207490
207510
207530
207570
207610
207620
207650
207660
207670
207690
207710
207730
207750
207770
207790
207870
207930
207970
207990
208010
208070
208110
208140
208200
208280
208300
208350
208370
208400
208460
208470
208480
208520
208540
208570
208580
208600
208620
208630
208640
208650
208670
208690
208710
208730
208740
208750
208790
208810
209000
209040
209060
209080
209120
209160
209170
209190
209230
209270
209330
209360
209370
209390
209460
209520
209540
209610
209630
209650
209660
209670
209690
209730
209750
209790
209830
209850
209870
209950
210030
210040
210050
210060
210090
210130
210170
210230
210310
210390
210470
210500
210510
210550
210720
210740
210770
210900
210950
210970
211010
211070
211120
211140
211160
211180
211260
211280
211340
211360
211400
211440
211500
211580
211600
211670
211720
211740
211780
211800
211820
211900
211970
211990
212010
212030
212050
212070
212110
212140
212160
212170
212200
212350
212390
212410
212480
212500
212560
212630
212680
212700
212710
212780
212800
212840
212860
212890
212910
213030
213210
213230
213250
213330
213350
213390
213450
213490
213610
213650
213670
213780
213870
213910
213930
214070
214090
214100
214150
214170
214250
214310
214330
214340
214360
214420
214490
214510
214530
214550
214560
214570
214590
214630
214700
214710
214730
214770
214790
214810
214820
214830
214870
214910
214930
214950
214970
214980
214990
215000
215020
215080
215100
215120
215160
215180
215200
215220
215240
215280
215310
215370
215390
215410
215430
215450
215470
215510
215530
215550
215630
215670
215690
215710
215770
215790
215830
215870
215930
215970
216090
216130
216150
216210
216260
216290
216310
216330
216420
216670
216690
216890
216910
216930
217100
217120
217140
217160
217200
217270
217290
217300
217470
217690
217750
217790
217900
217920
218020
218040
218060
218090
218100
218110
218230
218240
218290
218330
218350
218410
218510
218550
218560
218620
218640
218660
218680
218700
218740
218760
218820
219030
219070
219130
219150
219190
219200
219240
219380
219440
219520
219630
219640
219660
219680
219700
219740
219750
219760
219780
219830
219850
219890
219910
219990
220090
220160
220200
220240
220260
220420
220440
220460
220480
220660
220700
220720
220740
220760
220780
220820
220840
220860
220900
220960
220980
221020
221030
221040
221100
221180
221220
221260
221380
221450
221540
221560
221620
221640
221660
221680
221770
221810
221830
221850
221910
222140
222160
222180
222240
222280
222380
222400
222420
222440
222480
222500
222520
222550
222570
222580
222590
222610
222630
222640
222660
222680
222700
222730
222750
222860
222880
222900
222980
223000
223090
223100
223180
223220
223330
223370
223410
223430
223450
223470
223490
223510
223570
223630
223710
223730
223750
223770
223790
223810
223830
223850
223870
223890
223920
224000
224040
224140
224160
224180
224200
224260
224280
224300
224460
224480
224500
224520
224580
224640
224660
224740
224760
224820
224860
224900
224940
224960
224980
225000
225020
225080
225160
225200
225260
225270
225280
225300
225320
225340
225360
225420
225430
225540
225580
225600
225640
225700
225780
225820
225830
225840
226100
226120
226140
226240
226280
226350
226370
226390
226540
226560
226620
226660
226670
226700
226720
226740
226780
226820
226840
226860
226880
226960
227000
227020
227060
227080
227090
227100
227130
227160
227180
227200
227220
227260
227280
227300
227310
227320
227380
227420
227440
227560
227580
227600
227760
227780
227860
228180
228200
228260
228280
228300
228320
228360
228380
228400
228440
228600
228760
228800
228860
228960
229080
229190
229210
229230
229250
229270
229290
229310
229480
229520
229560
229580
229600
229630
229660
229750
229790
229810
229870
229890
229950
229970
230050
230070
230090
230150
230190
230210
230230
230270
230290
230330
230410
230650
230690
230700
230760
230780
230820
230840
230860
230880
230890
230900
230920
230980
231020
231040
231060
231120
231140
231160
231200
231250
231310
231330
231350
231430
231460
231470
231480
231490
231720
231740
231890
232010
232050
232090
232430
232450
232530
232550
232570
232590
232670
232750
232770
232790
232890
232910
232930
232950
232970
232990
233030
233050
233070
233110
233130
233150
233190
233210
233230
233270
233290
233310
233350
233370
233410
233450
233470
233490
233510
233530
233550
233590
233610
233680
233700
233710
233720
233740
233800
233840
233860
233920
233940
233960
233980
234000
234040
234080
234140
234160
234190
234210
234230
234250
234270
234290
234310
234330
234350
234370
234390
234490
234510
234570
234650
234670
234690
234710
234770
234780
234790
234820
234860
234880
234900
234920
234940
235070
235130
235140
235150
235210
235230
235250
235320
235360
235380
235460
235520
235540
235580
235600
235620
235660
235720
235780
235800
235820
235900
235920
235940
235960
235980
236010
236090
236110
236130
236150
236290
236370
236390
236430
236450
236490
236510
236570
236660
236690
236730
236790
236810
236850
236930
236970
237010
237030
237050
237070
237090
237130
237310
237350
237370
237430
237450
237470
237550
237570
237620
237630
237740
237760
237780
237810
237850
237870
237890
237930
237950
237970
237990
238010
238050
238070
238090
238210
238240
238260
238280
238320
238370
238430
238450
238460
238510
238530
238630
238750
238870
238890
238900
238910
238930
238950
238960
239030
239070
239090
239120
239140
239160
239200
239250
239350
239370
239380
239430
239550
239700
239800
239820
239840
240240
240300
240320
240340
240360
240440
240480
240500
240570
240600
240620
240660
240720
240760
240820
240970
241000
241210
241240
241260
241280
241300
241320
241370
241410
241540
241600
241620
241660
241680
241700
241720
241760
241790
241910
241930
241950
242050
242110
242120
242130
242180
242270
242300
242310
242530
242550
242570
242590
242610
242630
242640
242680
242700
242720
242760
242780
242820
242840
242860
242880
242920
242940
242960
242980
243000
243020
243040
243060
243160
243200
243220
243280
243340
243360
243440
243450
243470
243560
243600
243780
243800
243820
243870
243890
243930
243950
243970
244030
244050
244060
244070
244090
244160
244210
244410
244430
244450
244590
244630
244690
244710
244730
244750
244770
244810
244830
244850
244870
244890
244910
244950
245010
245050
245150
245170
245220
245280
245300
245370
245390
245410
245430
245450
245470
245490
245550
245580
245620
245660
245730
245890
245910
245930
245950
245970
246010
246030
246050
246070
246090
246110
246170
246250
246300
246340
246360
246420
246440
246580
246620
246640
246660
246680
246720
246740
246760
246800
246820
246840
246880
246900
246920
246940
246960
246980
247000
247020
247080
247140
247180
247190
247240
247260
247310
247350
247370
247430
247660
247710
247750
247870
247890
247910
247950
248140
248160
248170
248190
248210
248290
248310
248330
248350
248370
248390
248450
248470
248490
248510
248530
248550
248570
248610
248650
248710
248730
248800
248820
248860
248970
249050
249090
249100
249110
249130
249150
249170
249180
249190
249230
249310
249330
249360
249550
249570
249590
249610
249630
249650
249680
249760
249770
249870
249910
249920
249930
249950
249970
249990
250010
250030
250050
250070
250110
250180
250260
250300
250310
250320
250340
250360
250380
250400
250420
250460
250500
250520
250540
250560
250580
250600
250620
250640
250660
250680
250700
250720
250760
250790
250810
250820
250870
250900
250930
250990
251000
251020
251060
251080
251110
251130
251150
251170
251210
251230
251270
251290
251310
251370
251410
251430
251450
251470
251490
251510
251530
251570
251590
251610
251630
251650
251670
251690
251730
251810
251830
251850
251870
251890
251910
251950
251990
252010
252030
252050
252070
252090
252110
252130
252170
252190
252230
252250
252270
252310
252330
252350
252370
252390
252410
252430
252450
252470
252490
252530
252550
252570
252610
252630
252670
252690
252710
252730
252750
252830
252850
252870
252890
252910
252950
252970
253030
253110
253150
253190
253230
253250
253290
253310
253330
253350
253370
253390
253410
253430
253510
253530
253570
253610
253630
253650
253670
253690
253710
253750
253770
253790
253840
253860
253880
253900
253920
253940
253960
253980
254060
254080
254100
254150
254200
254260
254290
254300
254320
254370
254440
254460
254480
254560
254590
254700
254820
254840
254860
254880
254900
254920
254940
254960
254980
255060
255070
255140
255160
255240
255260
255280
255300
255320
255340
255370
255390
255440
255520
255690
255710
255870
255910
255920
255940
255960
255980
256010
256030
256070
256180
256190
256240
256280
256290
256320
256330
256370
256390
256410
256460
256510
256520
256570
257020
257030
257050
257120
257140
257170
257190
257220
257260
257290
257310
257320
257350
257370
257380
257400
257420
257510
257610
257650
257670
257690
257710
257730
257750
257770
257790
257830
257850
257870
257910
257970
257990
258010
258050
258070
258090
258150
258180
258200
258220
258240
258270
258280
258420
258460
258470
258500
258510
258520
258540
258640
258650
258750
258760
258810
258850
258880
258890
258930
258950
258970
258990
259000
259020
259040
259060
259080
259110
259120
259130
259170
259190
259210
259220
259230
259240
259250
259260
259320
259340
259380
259390
259410
259430
259450
259470
259490
259510
259530
259550
259590
259600
259620
259640
259660
259680
259700
259720
259760
259780
259800
259810
259830
259870
259890
259900
259940
259960
259980
260000
260020
260040
260060
260080
260130
260160
260190
260210
260230
260250
260290
260330
260380
260410
260430
260510
260530
260550
260570
260650
260690
260710
260730
260750
260790
260850
260860
260880
260930
260960
260990
261030
261050
261070
261110
261160
261180
261220
261300
261340
261420
261470
261510
261530
261550
261570
261640
261680
261700
261720
261740
261760
261820
261900
261920
261940
261960
261980
262000
262060
262080
262100
262120
262150
262190
262210
262230
262240
262260
262280
262300
262370
262390
262410
262450
262470
262490
262510
262550
262590
262610
262630
262650
262690
262750
262770
262790
262810
262830
262850
262870
262900
262920
262940
262960
262980
263020
263040
263060
263100
263120
263140
263180
263200
263300
263320
263340
263360
263380
263400
263420
263460
263480
263520
263540
263560
263620
263640
263680
263700
263720
263740
263760
263800
263820
263860
263880
263920
263940
263960
263980
264000
264020
264060
264080
264140
264160
264200
264220
264280
264300
264320
264340
264380
264400
264420
264440
264460
264520
264540
264560
264580
264600
264610
264660
264690
264710
264730
264830
264840
264850
264930
265000
265090
265100
265120
265130
265170
265210
265230
265240
265300
265330
265380
265400
265410
265460
265470
265530
265550
265590
265610
265630
265690
265730
265750
265770
265790
265810
265830
265870
265890
265930
265950
265970
265990
266010
266030
266050
266090
266110
266130
266150
266170
266190
266210
266230
266250
266270
266290
266310
266330
266370
266390
266410
266430
266490
266510
266590
266740
266840
266880
266930
266980
267060
267220
267340
267360
267380
267440
267490
267530
267600
267610
267630
267650
267660
267670
267680
267720
267730
267770
267780
267810
267830
267880
267890
267900
267920
267940
267960
267980
268030
268050
268080
268090
268100
268120
268130
268200
268220
268240
268280
268320
268340
268360
268400
268500
268520
268540
268560
268610
268650
268670
268750
268770
268850
268870
268890
268910
268970
268990
269010
269030
269050
269110
269150
269170
269190
269210
269230
269250
269270
269290
269310
269330
269350
269370
269430
269470
269490
269530
269550
269570
269590
269610
269630
269650
269670
269690
269710
269770
269790
269850
269890
269950
269990
270010
270050
270070
270090
270110
270130
270150
270170
270190
270210
270230
270270
270310
270330
270370
270430
270450
270490
270510
270550
270570
270590
270610
270630
270650
270660
270680
270700
270750
270760
270770
270790
270810
270830
270850
270870
270880
270910
270940
270950
271030
271100
271240
271260
271360
271370
271390
271400
271500
271550
271570
271590
271640
271670
271760
271820
271850
271860
271880
271900
271920
271950
271960
271970
271990
272010
272040
272060
272080
272090
272100
272230
272270
272300
272330
272390
272470
272510
272600
272620
272680
272690
272710
272860
272890
272920
272990
273030
273070
273110
273130
273150
273240
273280
273290
273300
273350
273370
273380
273500
273570
273580
273590
273600
273620
273670
273680
273700
273730
273740
273750
273760
273770
273790
273800
273820
273830
273840
273850
273860
273890
273940
273960
274010
274050
274120
274170
274190
274230
274250
274270
274290
274310
274350
274430
274450
274480
274500
274520
274560
274620
274700
274880
274900
274940
274960
274980
275030
275050
275060
275080
275100
275170
275180
275200
275240
275290
275310
275330
275350
275390
275470
275490
275510
275530
275560
275570
275590
275670
275690
275700
275710
275800
275810
275830
275850
276190
276220
276240
276300
276340
276360
276380
276430
276440
276460
276550
276730
276750
276810
276870
276890
277110
277150
277170
277210
277230
277250
277270
277390
277430
277450
277460
277470
277490
277500
277510
277520
277540
277560
277590
277630
277650
277670
277680
277700
277720
277730
277740
277760
277770
277820
277830
277840
277850
277870
277890
277910
277990
278030
278080
278100
278120
278190
278210
278360
278420
278440
278460
278480
278490
278510
278530
278550
278570
278590
278620
278640
278710
278720
278810
278850
278890
278930
278970
279070
279090
279110
279120
279140
279160
279260
279280
279420
279440
279460
279480
279500
279520
279540
279560
279580
279600
279620
279640
279720
279740
279800
279820
279830
279900
279920
279940
279960
279990
280010
280030
280040
280140
280160
280180
280220
280320
280360
280380
280500
280520
280540
280560
280600
280640
280680
280720
280740
280790
280830
280850
280890
280910
280930
281050
281060
281080
281100
281200
281220
281240
281260
281280
281340
281350
281370
281390
281410
281430
281450
281520
281560
281580
281600
281610
281640
281750
281770
281820
281840
281860
281920
281940
281970
281990
282010
282030
282050
282070
282100
282140
282210
282230
282240
282250
282270
282280
282370
282400
282440
282470
282510
282520
282530
282550
282560
282590
282620
282640
282680
282760
282780
282800
282860
282880
282900
282960
283000
283020
283040
283060
283080
283160
283180
283230
283270
283290
283310
283330
283350
283370
283390
283410
283430
283470
283490
283530
283540
283550
283560
283580
283600
283640
283660
283680
283740
283750
283820
283840
283880
283920
283940
283960
283980
284000
284020
284040
284050
284070
284080
284100
284140
284160
284180
284200
284220
284240
284260
284390
284410
284440
284450
284460
284500
284580
284710
284730
284750
284770
284830
284850
284870
284890
284910
284930
284950
284970
284990
285010
285070
285090
285110
285130
285150
285160
285190
285310
285330
285350
285370
285380
285420
285440
285460
285480
285500
285520
285540
285550
285580
285600
285670
285690
285730
285740
285800
285820
285840
285900
285920
285960
285980
286000
286040
286080
286100
286120
286140
286160
286200
286220
286240
286260
286280
286300
286320
286360
286380
286460
286480
286520
286540
286630
286650
286660
286670
286690
286750
286770
286790
286810
286830
286880
286920
286930
286940
287020
287070
287090
287100
287120
287200
287220
287290
287310
287330
287370
287390
287440
287450
287550
287580
287600
287620
287630
287700
287720
287740
287760
287780
287820
287840
287900
287920
287960
287980
288000
288020
288040
288060
288080
288100
288120
288140
288160
288220
288240
288260
288270
288310
288330
288370
288420
288460
288470
288500
288520
288610
288630
288650
288670
288690
288710
288730
288750
288790
288830
288840
288850
288860
288880
288930
288940
288970
289050
289060
289070
289090
289130
289180
289200
289220
289240
289260
289280
289300
289320
289340
289360
289380
289400
289420
289440
289460
289480
289500
289520
289540
289580
289600
289620
289650
289690
289730
289740
289760
289780
289800
289820
289840
289880
289890
289930
289950
289970
289980
290000
290020
290040
290060
290080
290100
290180
290260
290280
290300
290320
290340
290380
290400
290440
290460
290470
290490
290510
290530
290650
290690
290730
290750
290770
290790
290810
290850
290870
290890
290930
290970
290990
291010
291030
291050
291070
291130
291170
291190
291250
291270
291290
291330
291370
291390
291430
291470
291480
291550
291610
291630
291640
291650
291690
291710
291750
291770
291790
291840
291860
291900
291910
291930
291950
291960
292000
292020
292030
292050
292060
292090
292120
292140
292160
292180
292200
292220
292230
292240
292260
292280
292300
292320
292330
292350
292370
292380
292390
292400
292410
292420
292480
292500
292570
292600
292620
292630
292660
292670
292690
292710
292720
292730
292760
292780
292800
292820
292840
292860
292880
292900
292910
292930
292980
292990
293090
293160
293180
293200
293240
293260
293320
293340
293420
293440
293460
293480
293600
293660
293680
293720
293740
293760
293780
293800
293840
293860
293880
293900
293920
293940
293960
293980
294000
294020
294040
294060
294100
294140
294160
294180
294190
294230
294250
294260
294270
294280
294310
294330
294340
294350
294370
294390
294440
294460
294510
294530
294540
294550
294560
294570
294580
294590
294650
294660
294670
294680
294690
294700
294710
294720
294730
294750
294770
294790
294810
294830
294860
294990
295190
295200
295210
295220
295250
295430
295440
295490
295510
295530
295560
295590
295610
295630
295650
295670
295690
295710
295730
295750
295770
295790
295870
295910
295930
295990
296010
296030
296050
296070
296150
296170
296180
296200
296210
296220
296240
296280
296360
296450
296470
296490
296510
296530
296550
296570
296590
296630
296650
296710
296730
296770
296790
296830
296850
296870
296890
296910
296930
296970
296990
297000
297020
297050
297060
297070
297080
297110
297120
297130
297140
297150
297190
297210
297290
297310
297330
297350
297370
297410
297450
297470
297490
297510
297550
297570
297590
297620
297640
297660
297720
297740
297750
297760
297780
297790
297830
297860
297880
297890
297900
297920
297940
297950
297960
297980
297990
298000
298010
298020
298030
298050
298110
298140
298160
298180
298220
298240
298260
298280
298340
298360
298380
298400
298420
298480
298520
298560
298600
298610
298620
298630
298680
298690
298720
298790
298820
298830
298840
298850
298860
298880
298900
298920
298930
298950
299020
299030
299050
299070
299080
299090
299100
299110
299130
299140
299150
299160
299170
299180
299190
299230
299240
299250
299260
299280
299290
299300
299330
299340
299350
299360
299380
299400
299420
299440
299460
299480
299540
299600
299660
299680
299720
299740
299780
299800
299820
299840
299860
299910
299950
300060
300120
300130
300150
300160
300220
300260
300280
300300
300320
300340
300360
300380
300400
300440
300450
300460
300510
300540
300550
300570
300580
300600
300610
300620
300630
300730
300780
300790
300820
300840
300860
300870
300900
300910
300930
300970
301050
301060
301110
301120
301140
301150
301170
301180
301190
301200
301210
301220
301240
301250
301260
301280
301300
301320
301360
301380
301420
301460
301500
301540
301560
301600
301610
301640
301650
301660
301670
301690
301700
301710
301720
301730
301740
301750
301760
301830
301840
301860
301880
301900
301910
301920
301930
301950
301970
301980
301990
302010
302020
302030
302060
302080
302110
302130
302160
302170
302180
302190
302210
302230
302260
302270
302290
302300
302310
302320
302330
302340
302350
302360
302370
302380
302390
302440
302450
302460
302470
302490
302510
302570
302590
302610
302650
302670
302690
302710
302730
302750
302790
302810
302830
302850
302870
302910
302950
302970
303210
303250
303260
303290
303310
303330
303340
303360
303390
303430
303470
303510
303550
303590
303610
303630
303640
303680
303690
303720
303730
303780
303790
303800
303830
303840
303860
303870
303880
303910
303940
303990
304000
304010
304020
304050
304130
304140
304150
304170
304190
304210
304240
304290
304300
304310
304320
304330
304350
304360
304380
304390
304410
304430
304440
304460
304480
304500
304520
304530
304540
304570
304580
304590
304600
304610
304650
304670
304690
304730
304750
304770
304810
304850
304870
304910
304930
304950
304970
305010
305030
305070
305140
305150
305170
305180
305200
305260
305280
305300
305310
305320
305330
305340
305360
305370
305380
305390
305400
305440
305450
305470
305480
305490
305500
305510
305570
305620
305640
305660
305700
305720
305740
305760
305780
305800
305820
305840
305860
305880
305900
305920
305940
305960
305980
306000
306020
306040
306100
306130
306150
306160
306170
306180
306200
306240
306260
306350
306370
306390
306410
306440
306460
306480
306490
306500
306510
306530
306540
306550
306610
306620
306630
306640
306660
306670
306680
306690
306700
306760
306850
306890
306910
306930
306950
307010
307030
307050
307070
307090
307110
307130
307150
307170
307190
307210
307230
307270
307290
307340
307350
307390
307410
307420
307430
307450
307460
307500
307560
307570
307580
307590
307610
307620
307640
307650
307670
307690
307750
307760
307770
307780
307800
307810
307820
307860
307880
307900
307920
307930
307940
307950
307960
307980
307990
308000
308010
308020
308030
308040
308060
308080
308140
308180
308270
308300
308310
308330
308360
308380
308400
308420
308440
308460
308540
308560
308580
308600
309870
309890
309900
309920
309940
309990
310030
310040
310050
310060
310070
310080
310100
310110
310240
310260
310280
310300
310360
310370
310390
310400
310410
310420
310430
310440
310450
310460
310470
310490
310510
310530
310580
310640
310660
310700
310740
310790
310830
310840
310850
310880
310890
310950
310970
310990
311010
311040
311050
311060
311080
311100
311120
311140
311170
311190
311210
311240
311250
311260
311290
311310
311330
311340
311380
311400
311440
311460
311480
311490
311500
311550
311560
311590
311660
311680
311690
311720
311730
311770
311800
311810
311820
311840
311850
311860
311870
311910
311920
311930
311940
311950
311980
312010
312020
312050
312060
312090
312150
312200
312210
312220
312230
312240
312280
312290
312300
312310
312330
312340
312350
312360
312370
312380
312400
312410
312420
312440
312450
312520
312530
312540
312560
312590
312600
312610
312630
312640
312650
312660
312670
312680
312690
312720
312740
312750
312780
312790
312840
312860
312900
312960
312970
312980
312990
313010
313020
313030
313040
313080
313120
313130
313140
313160
313190
313200
313210
313240
313260
313280
313290
313300
313310
313320
313330
313340
313360
313390
313400
313420
313430
313470
313480
313500
313520
313560
313590
313620
313630
313650
313660
313680
313690
313700
313730
313740
313760
313780
313800
313810
313830
313850
313870
313920
313930
313960
313980
314000
314010
314020
314030
314050
314070
314120
314150
314160
314170
314180
314200
314210
314220
314230
314240
314250
314280
314290
314300
314320
314330
314340
314350
314360
314370
314380
314390
314410
314420
314430
314450
314460
314470
314490
314500
314510
314520
314540
314560
314570
314590
314610
314630
314650
314660
314680
314710
314730
314760
314770
314790
314810
314830
314950
314970
314980
315050
315070
315080
315110
315120
315130
315150
315190
315210
315240
315260
315320
315330
315340
315430
315450
315460
315480
315490
315510
315520
315540
315550
315560
315610
315630
315650
315660
315680
315690
315730
315810
315830
315840
315850
315860
315890
315920
315930
315940
315960
315990
316010
316020
316030
316040
316050
316060
316070
316080
316090
316100
316130
316140
316160
316180
316240
316260
316290
316320
316360
316370
316410
316430
316440
316450
316460
316480
316490
316500
316510
316520
316530
316540
316560
316590
316600
316610
316640
316650
316660
316670
316680
316700
316740
316750
316790
316810
316820
316830
316840
316850
316860
316870
316890
316900
316910
316930
316960
316970
317020
317030
317040
317060
317080
317100
317150
317210
317230
317240
317250
317280
317290
317300
317320
317350
317360
317370
317380
317400
317410
317430
317440
317470
317480
317490
317500
317510
317530
317540
317550
317560
317580
317590
317600
317610
317620
317660
317690
317710
317720
317750
317770
317780
317790
317820
317830
317840
317850
317880
317890
317910
317920
317940
317950
317970
318020
318050
318080
318090
318100
318130
318170
318220
318230
318260
318290
318300
318310
318320
318330
318340
318350
318390
318420
318430
318440
318450
318480
318490
318500
318510
318520
318530
318560
318570
318600
318640
318650
318660
318680
318690
318710
318740
318770
318820
318830
318840
318850
318860
318870
318950
318960
318970
319000
319010
319050
319080
319090
319120
319130
319140
319170
319180
319210
319230
319250
319260
319270
319280
319290
319300
319320
319340
319390
319400
319430
319450
319470
319480
319510
319540
319560
319570
319620
319630
319740
319760
319780
319810
319820
319830
319840
319850
319870
319880
319910
319930
319970
319980
319990
320000
320030
320040
320090
320110
320120
320140
320150
320210
320240
320290
320300
320310
320320
320330
320340
320350
320360
320370
320380
320400
320410
320430
320440
320520
320540
320560
320570
320610
320630
320650
320670
320690
320710
320720
320730
320750
320760
320790
320820
320830
320840
320860
320880
320900
320970
321010
321020
321030
321060
321080
321100
321140
321150
321160
321170
321180
321190
321270
321290
321300
321330
321350
321360
321370
321380
321390
321400
321410
321420
321430
321450
321460
321470
321480
321510
321560
321580
321600
321610
321620
321630
321690
321700
321710
321800
321830
321840
321870
321880
321890
321920
321940
321950
321960
321980
321990
322000
322020
322030
322080
322110
322130
322170
322190
322210
322290
322330
322410
322420
322430
322440
322450
322480
322500
322510
322520
322540
322550
322580
322610
322630
322660
322670
322680
322700
322750
322770
322780
322850
322900
322920
322950
322970
322980
322990
323000
323020
323040
323060
323120
323130
323140
323150
323160
323170
323180
323190
323220
323230
323240
323250
323260
323270
323280
323290
323320
323340
323380
323390
323410
323420
323450
323470
323490
323500
323560
323570
323580
323620
323630
323650
323670
323680
323700
323720
323730
323760
323780
323850
323940
323950
324030
324070
324080
324090
324110
324120
324140
324160
324170
324190
324240
324250
324260
324270
324290
324310
324390
324400
324420
324460
324470
324490
324510
324520
324570
324590
324610
324650
324680
324710
324720
324730
324740
324750
324760
324770
324800
324810
324830
324850
325040
325060
325090
325100
325110
325120
325130
325140
325150
325160
325210
325260
325300
325320
325370
325420
325430
325470
325500
325520
325570
325580
325610
325630
325640
325670
325730
325760
325790
325860
325870
325880
325930
325950
325960
325970
325990
326010
326020
326040
326060
326070
326110
326120
326130
326150
326160
326170
326180
326190
326220
326240
326250
326260
326270
326290
326300
326310
326340
326360
326370
326380
326390
326410
326420
326430
326440
326460
326470
326480
326520
326530
326590
326600
326610
326650
326690
326720
326730
326760
326790
326800
326840
326950
326960
326990
327000
327010
327030
327040
327060
327090
327130
327140
327150
327170
327210
327220
327240
327260
327270
327280
327310
327320
327340
327370
327380
327390
327400
327410
327440
327450
327470
327490
327510
327530
327560
327610
327640
327670
327690
327740
327760
327830
327840
327860
327870
327880
327890
327900
327910
327920
327930
327940
327950
327960
327980
328000
328020
328060
328070
328080
328100
328110
328120
328200
328210
328220
328230
328270
328280
328290
328300
328310
328430
328440
328450
328460
328470
328480
328500
328510
328530
328550
328560
328580
328590
328640
328650
328670
328680
328690
328710
328730
328740
328760
328780
328790
328820
328830
328850
328880
328890
328900
328920
328930
328940
328990
329000
329010
329020
329040
329050
329070
329100
329110
329130
329150
329180
329190
329200
329240
329260
329280
329310
329320
329340
329350
329360
329370
329380
329430
329440
329460
329480
329500
329530
329550
329620
329630
329640
329650
329670
329680
329690
329760
329770
329790
329820
329830
329860
329880
329910
329920
329960
329970
329980
330020
330100
330130
330180
330230
330240
330260
330270
330280
330350
330370
330390
330420
330450
330460
330470
330500
330510
330520
330580
330590
330620
330630
330650
330660
330670
330680
330690
330720
330730
330770
330800
330810
330820
330830
330840
330880
330950
330990
331000
331060
331070
331120
331130
331160
331180
331190
331200
331210
331220
331230
331240
331250
331260
331270
331290
331300
331340
331350
331370
331380
331390
331400
331430
331440
331450
331460
331470
331480
331490
331500
331510
331520
331550
331570
331580
331600
331610
331620
331650
331670
331690
331720
331750
331760
331790
331870
331880
331900
331920
331930
331960
331970
331980
332000
332010
332020
332030
332130
332150
332200
332240
332250
332260
332270
332290
332300
332310
332330
332350
332360
332370
332380
332390
332400
332410
332420
332430
332460
332470
332480
332490
332500
332530
332540
332570
332580
332610
332620
332630
332700
332710
332730
332740
332760
332790
332800
332810
332830
332880
332890
332950
333040
333080
333090
333100
333120
333130
333150
333160
333170
333200
333210
333250
333260
333270
333290
333300
333320
333330
333340
333350
333380
333390
333400
333410
333420
333430
333460
333490
333500
333510
333520
333540
333580
333600
333640
333650
333660
333670
333680
333690
333700
333710
333720
333730
333760
333770
333790
333800
333810
333870
333880
333900
333930
333950
333970
333980
333990
334030
334040
334070
334080
334090
334100
334120
334140
334180
334190
334210
334220
334230
334260
334270
334280
334290
334300
334310
334330
334350
334360
334370
334390
334410
334420
334430
334440
334450
334470
334480
334490
334540
334560
334620
334660
334690
334710
334810
334820
334830
334840
334850
334860
334880
334920
334940
334960
334970
334980
334990
335000
335010
335020
335030
335050
335070
335090
335100
335110
335120
335170
335180
335190
335200
335210
335220
335240
335260
335290
335300
335310
335320
335330
335350
335370
335410
335420
335430
335440
335450
335460
335490
335510
335520
335560
335570
335580
335620
335640
335660
335670
335680
335690
335700
335770
335790
335800
335820
335830
335840
335890
335900
335920
335940
335970
335990
336020
336030
336040
336060
336080
336090
336110
336130
336140
336150
336160
336180
336200
336210
336220
336230
336240
336250
336300
336320
336370
336380
336420
336440
336460
336530
336610
336630
336670
336680
336700
336710
336730
336760
336770
336780
336810
336840
336850
336860
336870
336900
336930
336940
337380
337400
337410
337430
339600
374890
374900
374920
374940
374950
374960
374970
374990
375000
375010
375020
375030
375040
375120
375130
375140
375170
375180
375190
375200
375210
375220
375250
375290
375310
375320
375330
375390
375420
375430
375440
375450
375460
375480
375500
375510
375520
375530
375550
375560
375570
375580
375590
375600
375610
375620
375630
375680
375710
375750
375770
375790
375800
375810
375820
375840
375850
375860
375870
375890
375900
375910
375930
375950
375980
376120
376130
376140
376150
376160
376190
376200
376210
376230
376240
376250
376300
376320
376350
376360
376370
376390
376410
376450
376480
376490
376520
376530
376550
376560
376570
376620
376660
376680
376700
376730
376750
376760
376770
376780
376790
376800
376820
376860
376870
376880
376920
376930
376950
376960
376970
376980
376990
377000
377010
377020
377030
377040
377050
377060
377070
377080
377100
377120
377140
377150
377160
377170
377190
377220
377250
377260
377290
377300
377310
377320
377330
377350
377360
377420
377430
377440
377450
377460
377470
377480
377500
377520
377530
377540
377550
377560
377570
377600
377660
377670
377680
377690
377710
377720
377760
377770
377840
377860
377870
377880
377900
377940
377950
377980
378030
378040
378070
378080
378090
378100
378110
378240
378260
378270
378300
378330
378350
378360
378370
378380
378390
378400
378410
378420
378450
378460
378470
378480
378490
378510
378530
378540
378550
378570
378580
378590
378610
378620
378630
378660
378690
378700
378710
378720
378730
378750
378760
378770
378790
378800
378810
378830
378850
378890
378910
379040
379190
379210
379250
379260
379280
379290
379310
379320
379390
379400
379420
379430
379520
379530
379550
379560
379570
379590
379600
379610
379630
379640
379650
379660
379720
379730
379750
379760
379870
379960
379970
379980
379990
380000
380020
380050
380080
380100
380110
380120
380140
380150
380170
380210
380220
380360
380540
380550
380560
380570
380580
380600
380640
380650
380660
380670
380680
380690
380710
380720
380740
380750
380800
380810
380840
380860
380900
380910
380920
380930
380950
380970
380990
381000
381010
381020
381050
381100
381120
381130
381140
381160
381170
381200
381210
381220
381240
381250
381260
381310
381320
381340
381550
381560
381590
381600
381610
381640
381710
381750
381770
381780
381790
381800
381810
381830
381840
381850
381870
381880
381890
381900
381910
381940
381960
381970
381990
382050
382070
382080
382090
382110
382120
382130
382140
382160
382170
382180
382190
382200
382210
382220
382250
382260
382270
382300
382310
382320
382330
382350
382380
382400
382410
382420
382460
382470
382480
382490
382500
382510
382530
382560
382630
382640
382650
382660
382670
382680
382690
382700
382710
382720
382730
382740
382750
382760
382770
382780
382790
382800
382810
382840
382880
382910
382920
382940
382950
382990
383010
383020
383050
383070
383080
383100
383120
383130
383140
383150
383180
383230
383240
383250
383270
383320
383330
383370
383380
383450
383460
383470
383510
383530
383540
383560
383570
383580
383590
383600
383610
383620
383630
383670
383690
383700
383710
383720
383730
383740
383750
383780
383790
383800
383810
383840
383850
383860
383870
383920
383930
383940
383950
383960
383980
383990
384000
384010
384020
384030
384040
384050
384060
384080
384090
384100
384110
384120
384150
384170
384180
384190
384200
384210
384220
384240
384250
384270
384280
384300
384310
384330
384340
384350
384360
384380
384410
384480
384490
384500
384520
384550
384560
384570
384590
384630
384660
384680
384690
384700
384710
384720
384730
384740
384750
384890
384900
384910
384920
384940
384950
384960
384980
384990
385020
385030
385060
385070
385080
385100
385120
385130
385150
385160
385190
385220
385230
385240
385250
385260
385270
385310
385330
385350
385360
385370
385380
385390
385400
385410
385420
385440
385490
385510
385530
385540
385560
385570
385580
385590
385600
385640
385650
385660
385670
385690
385700
385710
385730
385740
385770
385800
385810
385820
385830
385840
385850
385860
385870
385890
385900
385930
385940
385950
385960
385970
385980
386000
386050
386070
386080
386090
386100
386110
386130
386140
386160
386180
386200
386260
386280
386290
386310
386330
386340
386350
386360
386420
386430
386460
386470
386480
386490
386500
386510
386520
386530
386540
386550
386560
386570
386580
386590
386600
386620
386630
386640
386650
386690
386700
386710
386740
386750
386760
386770
386820
386840
386860
386870
386880
386890
386900
386910
386920
386930
386940
386960
386970
386990
387000
387010
387020
387040
387060
387080
387090
387100
387110
387120
387130
387140
387160
387170
387190
387230
387240
387260
387270
387280
387290
387340
387370
387380
387400
387430
387440
387450
387460
387470
387480
387490
387500
387510
387520
387530
387540
387550
387560
387570
387580
387590
387600
387610
387620
387630
387640
387660
387670
387680
387690
387700
387770
387780
387790
387800
387810
387820
387840
387850
387860
387870
387880
387890
387910
387920
387930
387970
387980
387990
388000
388010
388020
388030
388050
388060
388070
388080
388090
388140
388160
388210
388260
388270
388280
388300
388310
388320
388340
388350
388360
388370
388390
388410
388420
388430
388440
388450
388470
388490
388500
388520
388540
388550
388620
388660
388670
388680
388700
388710
388720
388730
388750
388790
388800
388810
388830
388840
388860
388880
388900
388910
388960
388970
388980
389010
389050
389090
389120
389140
389150
389160
389170
389180
389190
389220
389230
389240
389250
389260
389270
389310
389330
389400
389420
389430
389440
389460
389470
389510
389540
389570
389610
389620
389630
389650
389670
389680
389690
389700
389710
389720
389730
389740
389750
389810
389830
389870
389900
389910
389920
389930
389940
389970
389980
389990
390020
390030
390040
390060
390090
390100
390120
390160
390180
390200
390210
390220
390290
390310
390330
390340
390360
390370
390380
390390
390400
390410
390420
390430
390440
390450
390460
390470
390480
390490
390510
390520
390540
390560
390570
390580
390610
390620
390630
390640
390650
390660
390680
390690
390710
390720
390730
390740
390750
390760
390790
390800
390870
390880
390890
390920
390930
390940
390980
391000
391010
391030
391050
391070
391080
391100
391120
391140
391150
391160
391170
391180
391190
391210
391220
391240
391250
391260
391270
391280
391290
391310
391340
391380
391390
391400
391410
391420
391440
391450
391460
391470
391480
391490
391510
391520
391540
391550
391570
391580
391590
391600
391630
391640
391650
391660
391680
391720
391730
391740
391780
391820
391830
391840
391860
391880
391900
391910
391930
391960
392000
392020
392030
392070
392080
392090
392100
392110
392120
392150
392160
392190
392230
392260
392280
392290
392320
392330
392370
392400
392410
392420
392430
392440
392450
392470
392580
392600
392610
392630
392640
392660
392670
392690
392720
392780
392810
392820
392840
392860
392880
392890
392900
392920
392930
392940
392950
392960
392970
393010
393020
393040
393080
393150
393170
393190
393200
393220
393230
393240
393270
393280
393320
393330
393340
393350
393360
393380
393390
393400
393420
393430
393460
393480
393500
393510
393520
393530
393550
393560
393600
393610
393630
393640
393650
393660
393690
393700
393710
393720
393730
393750
393770
393790
393800
393820
393830
393860
393910
393920
393930
393950
393970
393980
393990
394010
394030
394040
394050
394080
394090
394120
394140
394160
394170
394190
394220
394260
394270
394280
394290
394310
394320
394340
394350
394360
394390
394400
394430
394480
394490
394510
394540
394550
394560
394600
394650
394680
394690
394700
394710
394720
394750
394760
394770
394790
394810
394840
394850
394870
394890
394900
394920
394930
394940
394950
394970
394990
395020
395050
395060
395070
395100
395140
395150
395160
395170
395180
395190
395200
395230
395250
395260
395270
395290
395300
395350
395370
395380
395400
395410
395420
395440
395450
395460
395470
395480
395500
395510
395520
395530
395550
395560
395570
395580
395600
395620
395640
395690
395700
395760
395830
395850
395860
395880
395890
395900
395910
395920
395930
395940
395950
395960
395970
395990
396010
396030
396060
396090
396160
396170
396190
396230
396240
396250
396260
396280
396290
396310
396320
396350
396360
396420
396430
396440
396460
396470
396480
396490
396510
396520
396530
396590
396610
396620
396640
396650
396660
396680
396690
396700
396710
396730
396750
396760
396780
396790
396800
396810
396820
396850
397170
397180
397190
397200
397210
397220
397230
397240
400510
400560
400570
400580
400600
400630
400650
400660
400710
400720
400740
400750
400770
400780
400790
400800
400810
400840
400880
400910
400940
400950
401120
401170
401190
401200
401210
401220
401250
401280
401290
401300
401320
401330
401360
401380
401390
401400
401420
401490
337000
337040
337050
337070
337120
337150
337210
337220
337270
337280
337290
337310
337320
337340
337350
337360
337450
337460
337480
337490
337570
337630
337640
337650
337660
337670
337680
337700
337710
337720
337730
337740
337760
337820
337830
337840
337850
337880
337890
337900
337930
337940
337960
337970
337980
338000
338010
338030
338040
338050
338060
338070
338080
338090
338100
338110
338120
338130
338140
338160
338170
338190
338200
338230
338240
338250
338260
338290
338300
338310
338320
338330
338350
338360
338390
338420
338480
338490
338530
338540
338550
338590
338620
338630
338640
338650
338680
338690
338700
338710
338760
338770
338800
338810
338820
338830
338840
338890
338960
338980
339000
339030
339040
339070
339080
339090
339110
339120
339130
339160
339190
339200
339210
339230
339240
339250
339280
339290
339320
339330
339340
339350
339360
339380
339390
339400
339430
339440
339460
339470
339480
339500
339510
339520
339550
339560
339570
339580
339590
339610
339620
339630
339640
339690
339700
339710
339720
339740
339750
339790
339800
339810
339820
339830
339840
339850
339860
339870
339890
339910
339970
339980
339990
340000
340020
340030
340050
340070
340080
340090
340150
340170
340190
340200
340210
340220
340250
340260
340270
340280
340290
340320
340330
340340
340350
340360
340380
340400
340410
340440
340450
340460
340470
340480
340490
340500
340520
340550
340560
340570
340580
340600
340610
340620
340630
340640
340650
340670
340680
340700
340720
340730
340740
340750
340770
340790
340800
340810
340830
340840
340860
340880
340890
340920
340950
340960
340980
340990
341000
341020
341030
341040
341050
341060
341070
341080
341090
341110
341120
341150
341160
341170
341190
341210
341220
341260
341270
341290
341300
341310
341320
341360
341380
341390
341410
341440
341460
341470
341480
341500
341510
341530
341540
341550
341570
341610
341640
341660
341680
341690
341700
341710
341720
341730
341750
341760
341770
341790
341800
341810
341820
341870
341890
341910
341930
341940
341950
341960
341990
342010
342020
342050
342080
342090
342100
342130
342180
342190
342200
342230
342240
342250
342260
342270
342300
342310
342330
342350
342360
342370
342380
342450
342480
342490
342500
342510
342520
342530
342540
342550
342560
342570
342580
342590
342600
342610
342620
342630
342640
342650
342660
342730
342820
342830
342840
342850
342860
342870
342890
342910
342920
342940
342970
342980
342990
343000
343020
343070
343090
343100
343120
343140
343160
343170
343180
343250
343270
343280
343290
343300
343320
343340
343360
343370
343380
343390
343410
343420
343430
343440
343450
343460
343510
343560
343570
343580
343600
343610
343630
343690
343710
343720
343730
343740
343760
343770
343780
343800
343810
343820
343830
343840
343860
343930
343940
343950
343990
344000
344030
344050
344060
344070
344080
344090
344100
344120
344130
344140
344150
344160
344170
344190
344200
344210
344220
344230
344270
344290
344300
344340
344410
344440
344450
344480
344490
344500
344510
344530
344630
344730
344740
344760
344770
344800
344810
344820
344840
344850
344860
344890
344900
344910
344920
344960
344970
345010
345020
345030
345040
345050
345060
345080
345090
345120
345130
345140
345150
345180
345200
345220
345230
345240
345260
345280
345290
345300
345310
345330
345340
345350
345370
345380
345390
345430
345440
345460
345470
345480
345520
345540
345580
345610
345620
345630
345640
345650
345660
345670
345680
345690
345700
345710
345740
345750
345790
345800
345820
345860
345870
345900
345930
345950
345980
345990
346010
346040
346060
346070
346080
346090
346110
346120
346130
346140
346160
346170
346180
346200
346210
346240
346250
346260
346280
346290
346310
346320
346330
346340
346360
346390
346420
346430
346440
346450
346460
346470
346480
346490
346500
346510
346540
346550
346560
346620
346630
346640
346650
346660
346670
346690
346720
346730
346750
346760
346770
346780
346810
346820
346830
346850
346890
346900
346920
346940
346950
346970
346990
347000
347010
347040
347050
347060
347070
347090
347100
347110
347120
347160
347170
347190
347210
347230
347240
347250
347260
347270
347280
347290
347330
347350
347360
347370
347400
347430
347440
347450
347460
347470
347480
347490
347520
347530
347560
347580
347590
347600
347610
347620
347630
347660
347670
347680
347690
347700
347710
347720
347730
347780
347790
347800
347820
347830
347900
347910
347920
347930
347940
347950
347980
347990
348000
348010
348040
348070
348090
348100
348110
348160
348180
348190
348200
348210
348240
348250
348270
348280
348290
348300
348310
348320
348330
348340
348360
348370
348380
348400
348430
348440
348450
348460
348470
348510
348540
348550
348560
348570
348580
348610
348620
348650
348670
348680
348690
348700
348730
348740
348750
348760
348790
348800
348810
348840
348860
348870
348910
348920
348930
348950
348960
348970
348980
348990
349000
349020
349040
349050
349060
349080
349100
349130
349140
349150
349190
349210
349220
349230
349240
349250
349260
349270
349280
349300
349310
349320
349350
349370
349440
349450
349460
349470
349480
349500
349510
349520
349530
349540
349550
349560
349620
349650
349660
349670
349680
349690
349710
349730
349740
349760
349770
349780
349790
349800
349810
349820
349830
349840
349890
349930
349940
349950
349970
349980
350000
350010
350050
350070
350080
350090
350110
350130
350140
350200
350210
350230
350260
350310
350330
350380
350400
350440
350460
350480
350490
350500
350520
350530
350550
350560
350600
350610
350620
350630
350640
350660
350690
350700
350720
350740
350770
350780
350800
350810
350870
350880
350910
350970
350990
351020
351030
351050
351060
351070
351080
351090
351100
351140
351150
351160
351170
351220
351230
351240
351250
351270
351280
351290
351300
351320
351330
351340
351390
351400
351410
351420
351430
351450
351460
351470
351480
351490
351510
351540
351570
351630
351640
351680
351690
351700
351710
351720
351730
351740
351760
351770
351790
351800
351810
351820
351860
351870
351890
351900
351910
351920
351930
351940
351970
351980
352000
352010
352030
352050
352070
352120
352130
352140
352150
352160
352170
352190
352200
352210
352220
352240
352280
352290
352310
352360
352370
352390
352400
352430
352440
352450
352520
352530
352550
352560
352580
352590
352610
352620
352640
352680
352690
352700
352710
352720
352740
352750
352760
352780
352790
352810
352840
352850
352890
352900
352950
352960
353000
353020
353050
353060
353070
353080
353090
353110
353140
353190
353210
353220
353240
353250
353260
353270
353280
353300
353320
353330
353340
353360
353370
353380
353540
353550
353560
353570
353580
353590
353600
353610
353620
353630
353640
353700
353740
353760
353770
353790
353830
353850
353890
353930
353940
353970
353980
353990
354020
354030
354040
354050
354110
354130
354140
354160
354180
354190
354200
354230
354240
354270
354280
354290
354300
354310
354320
354330
354350
354380
354400
354430
354500
354510
354520
354530
354540
354550
354560
354570
354600
354620
354680
354690
354720
354730
354740
354770
354780
354810
354820
354860
354890
354900
354920
354930
354940
354950
354960
354970
355010
355020
355050
355060
355070
355080
355090
355100
355130
355140
355150
355170
355180
355190
355230
355240
355250
355260
355270
355280
355290
355300
355310
355340
355350
355360
355370
355380
355400
355410
355420
355430
355440
355450
355460
355490
355500
355510
355520
355530
355550
355560
355570
355630
355640
355650
355660
355670
355680
355690
355740
355750
355760
355770
355790
355800
355810
355820
355830
355860
355870
355880
355900
355910
355920
355950
355960
355970
355980
356000
356010
356030
356040
356070
356090
356100
356110
356120
356130
356160
356170
356180
356190
356210
356230
356240
356250
356260
356270
356280
356290
356310
356370
356380
356390
356400
356410
356420
356430
356440
356450
356460
356500
356510
356520
356530
356540
356550
356560
356570
356580
356630
356650
356670
356710
356730
356770
356780
356790
356800
356810
356820
356860
356870
356880
356890
356910
356960
356970
357030
357040
357070
357080
357090
357100
357110
357120
357170
357180
357190
357200
357240
357250
357260
357280
357290
357300
357310
357320
357330
357340
357350
357360
357370
357400
357440
357450
357470
357480
357490
357500
357600
357650
357670
357690
357700
357710
357720
357750
357760
357780
357800
357830
357840
357890
357900
357910
357920
357930
357940
357970
358000
358010
358020
358030
358070
358080
358090
358120
358130
358140
358150
358190
358200
358210
358220
358230
358250
358260
358270
358290
358300
358310
358320
358340
358350
358360
358380
358390
358400
358410
358470
358650
358700
358750
358760
358770
358780
358800
358810
358830
358840
358870
358880
358920
358930
358960
358970
359040
359050
359060
359070
359090
359100
359110
359130
359140
359160
359180
359190
359220
359230
359250
359260
359280
359300
359310
359320
359340
359350
359370
359390
359400
359410
359420
359440
359490
359500
359510
359530
359540
359550
359560
359570
359580
359600
359610
359620
359630
359650
359670
359680
359690
359700
359710
359720
359730
359740
359750
359760
359780
359790
359800
359810
359840
359860
359870
359890
359900
359920
359930
359940
359960
359970
359980
360010
360020
360030
360040
360080
360090
360110
360120
360140
360150
360170
360250
360270
360280
360340
360350
360360
360380
360390
360400
360420
360430
360450
360510
360520
360530
360550
360560
360580
360600
360620
360640
360650
360680
360720
360730
360740
360770
360820
360830
360840
360870
360880
360890
360940
360960
360970
360990
361020
361040
361060
361070
361100
361110
361130
361160
361190
361200
361210
361230
361250
361280
361290
361300
361310
361320
361330
361350
361360
361380
361420
361430
361440
361470
361500
361520
361540
361550
361560
361600
361620
361630
361670
361680
361690
361700
361710
361720
361730
361740
361750
361760
361770
361780
361790
361820
361830
361840
361850
361870
361880
361890
361930
361950
361970
361990
362010
362020
362030
362050
362090
362100
362110
362130
362140
362150
362160
362180
362190
362200
362210
362220
362230
362240
362250
362260
362270
362280
362290
362310
362320
362350
362360
362370
362380
362400
362410
362440
362460
362490
362500
362520
362530
362540
362550
362560
362570
362580
362590
362600
362610
362620
362660
362670
362680
362700
362710
362740
362760
362780
362790
362800
362810
362820
362830
362850
362860
362870
362890
362900
362920
362930
362940
362950
362960
362970
362980
363020
363040
363050
363060
363070
363090
363110
363130
363150
363180
363200
363220
363240
363270
363320
363330
363350
363360
363370
363410
363420
363430
363440
363460
363490
363500
363510
363520
363530
363580
363600
363610
363620
363630
363640
363650
363660
363670
363680
363690
363740
363800
363810
363840
363860
363890
363900
363920
363930
363940
363950
363960
363970
363980
363990
364000
364020
364050
364060
364100
364130
364170
364180
364190
364200
364210
364230
364250
364300
364350
364360
364370
364380
364390
364400
364410
364420
364450
364480
364500
364510
364630
364640
364660
364670
364690
364700
364710
364720
364740
364750
364770
364790
364800
364810
364820
364830
364850
364880
364890
364900
364910
364920
364930
364940
364970
364980
365020
365050
365060
365070
365080
365090
365110
365120
365140
365150
365160
365210
365220
365240
365260
365270
365280
365290
365300
365320
365330
365340
365350
365360
365380
365400
365420
365430
365450
365460
365480
365490
365500
365510
365520
365530
365540
365560
365580
365590
365620
365630
365660
365670
365680
365720
365730
365760
365770
365800
365810
365820
365840
365850
365860
365870
365880
365890
365900
365940
365960
365970
365980
366000
366010
366050
366060
366080
366090
366100
366130
366140
366180
366190
366210
366220
366230
366240
366250
366260
366270
366280
366290
366320
366330
366350
366380
366410
366420
366430
366440
366450
366480
366510
366530
366550
366570
366580
366590
366610
366620
366630
366640
366650
366660
366670
366680
366690
366700
366710
366730
366740
366750
366760
366780
366800
366820
366870
366900
366910
366920
366930
366960
366970
366990
367000
367010
367020
367030
367040
367050
367060
367080
367090
367110
367120
367140
367150
367160
367190
367210
367220
367240
367250
367260
367270
367280
367290
367300
367320
367330
367340
367350
367380
367390
367410
367430
367450
367480
367500
367520
367550
367570
367580
367610
367620
367640
367660
367670
367680
367700
367710
367780
367800
367810
367820
367850
367890
367990
368000
368040
368050
368060
368070
368080
368140
368150
368160
368180
368190
368220
368230
368250
368260
368290
368310
368340
368350
368360
368370
368390
368400
368410
368430
368450
368470
368500
368510
368540
368550
368570
368590
368600
368610
368620
368640
368650
368670
368680
368690
368700
368710
368730
368740
368760
368770
368780
368800
368820
368830
368860
368870
368880
368890
368910
368920
368950
368960
368970
368990
369000
369010
369030
369040
369050
369060
369070
369080
369100
369110
369120
369130
369150
369180
369190
369210
369230
369270
369280
369290
369310
369340
369350
369360
369370
369380
369410
369420
369430
369440
369450
369460
369470
369500
369510
369530
369550
369560
369570
369610
369640
369700
369710
369720
369730
369740
369760
369770
369780
369790
369800
369810
369820
369830
369840
369860
369890
369910
369920
369930
369940
369950
369960
369970
369980
369990
370020
370040
370050
370060
370070
370080
370090
370110
370120
370130
370140
370150
370170
370190
370200
370220
370230
370240
370270
370280
370300
370310
370320
370330
370340
370350
370360
370370
370400
370430
370440
370450
370460
370480
370490
370500
370510
370520
370530
370540
370550
370560
370570
370580
370590
370600
370620
370630
370640
370650
370660
370670
370690
370700
370710
370730
370750
370770
370780
370810
370870
370880
370900
370910
370920
370940
370960
370970
371000
371010
371040
371070
371100
371110
371140
371180
371190
371200
371220
371230
371270
371280
371290
371300
371310
371320
371330
371350
371360
371370
371380
371390
371400
371410
371430
371450
371460
371470
371490
371510
371520
371530
371550
371570
371620
371650
371660
371670
371700
371710
371790
371800
371850
371870
371880
371890
371900
371930
371950
371970
372000
372020
372030
372070
372080
372100
372140
372150
372160
372170
372180
372190
372200
372210
372250
372270
372280
372300
372310
372320
372330
372340
372350
372360
372380
372390
372430
372440
372470
372480
372490
372500
372510
372520
372540
372550
372560
372570
372590
372660
372670
372690
372700
372710
372720
372730
372740
372750
372770
372780
372800
372810
372820
372830
372860
372870
372890
372910
372930
372940
372950
372960
372970
372980
373000
373090
373120
373140
373150
373160
373180
373190
373200
373220
373240
373250
373280
373290
373330
373340
373350
373360
373370
373380
373390
373400
373420
373440
373450
373460
373480
373490
373560
373590
373600
373610
373620
373630
373640
373650
373670
373690
373720
373730
373740
373750
373770
373780
373800
373810
373820
373860
373870
373880
373890
373920
373930
373940
373950
373960
373970
373980
373990
374010
374030
374040
374060
374080
374100
374120
374130
374150
374160
374170
374180
374190
374210
374240
374250
374260
374280
374300
374320
374360
374380
374390
374400
374410
374420
374450
374460
374500
374510
374520
374530
374540
374570
374620
374630
374640
374690
374750
374760
374770
374780
374800
374810
374820
374830
374840
374850
374880
396860
396870
396890
396900
396910
396920
396930
396940
396960
396990
397000
397010
397020
397030
397040
397060
397090
397100
397150
397160
397270
397310
397320
397330
397340
397350
397360
397370
397380
397390
397400
397420
397430
397440
397460
397500
397540
397550
397570
397580
397600
397640
397660
397670
397680
397690
397720
397730
397740
397750
397760
397770
397780
397790
397800
397810
397820
397830
397840
397850
397860
397870
397900
397910
397920
397930
397940
397950
397960
397970
397990
398000
398030
398040
398100
398110
398120
398140
398150
398170
398180
398210
398240
398250
398260
398280
398310
398430
398440
398450
398460
398470
398480
398520
398530
398600
398620
398640
398670
398680
398710
398810
398820
398840
398850
398860
398890
398900
398920
398930
398940
398950
398960
398970
398980
398990
399000
399010
399020
399040
399070
399090
399110
399120
399130
399140
399230
399240
399260
399280
399420
399430
399460
399520
399530
399600
399610
399620
399640
399670
399720
399730
399780
399790
399810
399820
399830
399840
399860
399870
399880
399890
399900
399910
399920
400030
400040
400050
400070
400080
400110
400120
400130
400160
400170
400180
400200
400220
400230
400240
400250
400280
400320
400350
400360
400370
400380
400390
400400
400410
400420
400430
400450
400470
400490
400500
401500
401550
401580
401590
401640
401650
401660
401680
401690
401710
401760
401780
401800
401810
401820
401840
401860
401890
401910
401920
401970
402020
402030
402040
402050
402060
402080
402120
402130
402150
402160
402170
402180
402190
402210
402220
402260
402290
402300
402310
402330
402340
402350
402390
402410
402460
402530
402560
402570
402600
402620
402630
402640
402650
402660
402670
402680
402690
402710
402750
402800
402840
402850
402880
402890
402910
402940
402950
402970
402980
402990
403020
403030
403040
403050
403060
403070
403080
403090
403100
403120
403140
403180
403190
403200
403210
403220
403230
403270
403280
403290
403300
403320
403350
403390
403400
403410
403430
403440
403450
403460
403470
403500
403510
403520
403540
403550
403560
403590
403640
403660
403670
403680
403690
403700
403740
403780
403810
403830
403850
403860
403870
403890
403900
403910
403940
403950
403970
403980
403990
404010
404030
404040
404050
404060
404070
404080
404100
404110
404170
404180
404190
404200
404210
404220
404230
404240
404250
404270
404280
404380
404390
404400
404410
404420
404430
404450
404460
404480
404510
404530
404540
404570
404580
404590
404610
404620
404630
404640
404650
404660
404670
404680
404690
404700
404730
404750
404760
404790
404800
404820
404840
404850
404860
404870
404930
404960
404980
405000
405010
405050
405070
405080
405130
405170
405180
405190
405240
405260
405290
405310
405340
405350
405360
405430
405440
405450
405460
405480
405500
405520
405530
405540
405550
405590
405610
405640
405650
405670
405680
405710
405720
405760
405780
405810
405820
405830
405840
405860
405900
405920
405930
405940
405950
405960
405970
405990
406010
406030
406040
406050
406060
406080
406090
406100
406110
406120
406130
406140
406150
406160
406170
406220
406290
406300
406310
406340
406350
406370
406400
406410
406440
406460
406470
406480
406490
406500
406510
406520
406540
406550
406560
406570
406580
406590
406600
406610
406620
406650
406660
406690
406710
406720
406730
406760
406780
406820
406830
406840
406850
406860
406870
406890
406920
406930
406940
406950
406960
406970
407000
407020
407040
407050
407070
407080
407100
407110
407120
407130
407140
407150
407190
407200
407210
407230
407290
407300
407310
407320
407330
407340
407380
407400
407420
407450
407460
407530
407560
407600
407620
407630
407680
407710
407720
407780
407800
407810
407820
407830
407840
407880
407900
407920
407940
407960
407980
408000
408010
408030
408050
408060
408070
408100
408110
408120
408140
408150
408160
408170
408180
408210
408240
408250
408280
408300
408340
408360
408400
408410
408430
408440
408450
408470
408510
408520
408530
408550
408580
408590
408600
408610
408640
408650
408660
408680
408690
408710
408730
408740
408750
408760
408770
408900
408920
408930
408940
408960
408980
408990
409000
409020
409040
409060
409070
409090
409100
409110
409150
409160
409170
409180
409190
409200
409210
409230
409240
409250
409280
409290
409320
409330
409340
409360
409380
409390
409420
409430
409450
409460
409470
409480
409490
409510
409520
409560
409570
409580
409590
409600
409610
409630
409650
409660
409670
409690
409710
409720
409730
409740
409750
409760
409790
409850
409870
409890
409910
409920
409960
409970
409980
409990
410000
410030
410040
410050
410100
410110
410120
410130
410150
410210
410260
410300
410310
410320
410330
410340
410370
410390
410430
410440
410450
410460
410470
410480
410490
410540
410550
410670
410680
410710
410740
410750
410760
410770
410780
410790
410800
410810
410820
410830
410840
410850
410890
410900
410910
410920
410940
410970
410980
410990
411000
411020
411030
411050
411060
411070
411080
411100
411110
411120
411130
411150
411180
411190
411300
411310
411320
411330
411340
411350
411370
411380
411390
411400
411410
411420
411460
411470
411480
411510
411520
411530
411550
411560
411570
411580
411590
411600
411610
411620
411630
411650
411680
411690
411730
411740
411750
411760
411820
411830
411850
411860
411870
411880
411890
411900
411910
411920
411930
411950
411960
411970
411980
412000
412010
412020
412050
412080
412170
412210
412220
412230
412250
412270
412290
412310
412350
412360
412370
412380
412410
412430
412440
412460
412470
412480
412490
412520
412530
412540
412550
412560
412580
412600
412620
412640
412660
412670
412730
412740
412760
412770
412830
412870
412880
412900
412930
412960
412970
412980
412990
413000
413030
413040
413120
413150
413160
413170
413210
413220
413230
413240
413250
413260
413290
413330
413350
413360
413370
413380
413390
413410
413420
413470
413480
413490
413500
413540
413570
413580
413590
413600
413610
413620
413650
413680
413700
413710
413720
413730
413740
413750
413760
413790
413800
413810
413830
413850
413870
413990
414010
414030
414050
414060
414080
414090
414100
414110
414120
414140
414150
414160
414180
414190
414210
414230
414240
414250
414260
414310
414330
414340
414360
414370
414470
414490
414500
414510
414530
414550
414580
414590
414610
414620
414640
414660
414670
414680
414700
414710
414720
414730
414740
414760
414770
414780
414810
414920
414950
415000
415010
415030
415040
415070
415080
415090
415140
415150
415170
415180
415200
415220
415240
415270
415300
415320
415330
415340
415350
415390
415400
415420
415430
415440
415480
415530
415540
415550
415560
415570
415580
415590
415600
415610
415620
415670
415680
415700
415710
415720
415730
415740
415750
415760
415780
415800
415830
415840
415850
415860
415870
415880
415900
415910
415920
415950
415960
415980
415990
416000
416030
416040
416060
416080
416100
416110
416120
416130
416160
416180
416190
416200
416210
416220
416240
416250
416260
416290
416310
416320
416330
416340
416350
416360
416370
416380
416390
416400
416420
416430
416440
416450
416480
416530
416550
416590
416600
416610
416630
416640
416650
416670
416680
416690
416700
416710
416720
416750
416760
416770
416790
416800
416830
416840
416850
416870
416900
416920
416930
417020
417060
417080
417110
417130
417150
417160
417190
417200
417230
417260
417290
417310
417350
417360
417380
417390
417400
417410
417420
417430
417480
417520
417580
417670
417720
417750
417770
417800
417840
417850
417860
417880
417890
417900
417910
417920
417980
418000
418030
418040
418060
418070
418080
418090
418120
418140
418150
418160
418170
418180
418190
418240
418250
418260
418270
418290
418300
418320
418340
418360
418370
418380
418430
418440
418460
418520
418530
418580
418610
418620
418640
418650
418670
418750
418760
418770
418780
418790
418800
418810
418820
418840
418890
418910
418940
418950
418960
419020
419040
419050
419060
419070
419080
419090
419110
419130
419210
419220
419240
419250
419290
419340
419350
419450
419460
419480
419580
419650
419660
419700
419710
419810
419910
419980
419990
420000
420020
420030
420040
420050
420060
420070
420090
420100
420110
420130
420140
420160
420170
420180
420210
420250
420270
420290
420300
420310
420330
420340
420360
420370
420440
420450
420460
420490
420500
420520
420530
420540
420550
420560
420570
420610
420630
420640
420660
420670
420690
420730
420740
420760
420770
420790
420810
420840
420850
420880
420890
420900
420920
420930
420950
420970
420980
421040
421050
421060
421100
421120
421140
421160
421170
421180
421190
421200
421260
421280
421290
421420
421610
421620
421630
421640
421660
421670
421700
421710
421740
421770
421780
421790
421810
421830
421870
421880
421890
421920
421940
421950
422010
422020
422030
422100
422110
422120
422130
422140
422160
422170
422180
422190
422200
422210
422220
422250
422280
422300
422500
422510
422580
422610
422630
422640
422650
422690
422760
422810
422860
422890
422900
422910
422920
422970
422980
423000
423120
423130
423180
423220
423230
423240
423270
423320
423330
423370
423440
423450
423490
423550
423580
423590
423600
423610
423620
423630
423640
423650
423670
423700
423710
423720
423730
423740
423750
423760
423770
423780
423800
423810
423850
423870
423880
423890
423900
423910
423950
424000
424010
424030
424040
424060
424070
424100
424120
424170
424200
424210
424220
424240
424250
424260
424280
424320
424370
424590
424610
424640
424750
424760
424780
424800
424830
424840
424850
424870
424880
424950
425010
425020
425030
425040
425060
425070
425090
425100
425120
425130
425140
425150
425160
425170
425180
425210
425220
425230
425240
425260
425270
425300
425310
425330
425340
425360
425370
425380
425400
425410
425440
425450
425460
425500
425530
425560
425580
425600
425630
425650
425670
425680
425710
425750
425760
425770
425820
425840
425860
425870
425900
425910
425920
425930
425940
425960
425970
425990
426000
426010
426040
426050
426060
426080
426100
426110
426120
426170
426180
426190
426200
426210
426220
426290
426310
426330
426340
426520
426560
426580
426590
426630
426650
426690
426700
426710
426720
426730
426740
426790
426820
426860
426870
426920
426930
426960
426980
426990
427000
427020
427030
427050
427090
427100
427190
427240
427250
427270
427290
427340
427350
427410
427470
427490
427510
427520
427550
427570
427630
427640
427650
427660
427670
427680
427700
427730
427740
427750
427760
427770
427780
427790
427810
427820
427830
427860
427880
427890
427910
427930
427940
427950
427970
427980
428010
428020
428030
428040
428050
428060
428080
428090
428100
428110
428130
428140
428170
428180
428190
428200
428210
428220
428230
428240
428250
428260
428270
428280
428310
428320
428340
428350
428370
428400
428410
428430
428460
428490
428500
428510
428520
428530
428540
428550
428560
428590
428600
428610
428630
428660
428690
428710
428730
428740
428750
428770
428800
428810
428820
428830
428840
428860
428870
428880
428900
428910
428920
428930
428940
428950
428980
429020
429040
429050
429060
429110
429120
429160
429200
429220
429250
429260
429270
429280
429300
429330
429350
429360
429380
429390
429430
429450
429460
429470
429480
429490
429520
429530
429540
429570
429580
429590
429600
429610
429620
429630
429660
429680
429690
429700
429710
429720
429760
429780
429790
429810
429820
429830
429870
429890
429900
429920
429940
429950
429960
430000
430020
430050
430060
430070
430080
430100
430110
430120
430170
430180
430190
430200
430210
430220
430230
430240
430250
430280
430290
430300
430310
430320
430330
430340
430350
430370
430400
430410
430430
430890
430940
430960
431030
431050
431060
431120
431170
431180
431190
431200
431220
431230
431240
431250
431260
431280
431290
431300
431320
431330
431340
431350
431370
431390
431410
431420
431430
431450
431460
431470
431490
431500
431510
431520
431540
431570
431590
431600
431610
431620
431630
431640
431650
431680
431700
431710
431730
431740
431750
431770
431810
431820
431830
431840
431850
431910
431930
431940
431950
431960
431980
432010
432030
432100
432110
432130
432170
432190
432200
432210
432220
432230
432240
432250
432270
432290
432310
432330
432350
432370
432380
432390
432410
432420
432440
432450
432470
432480
432490
432500
432510
432530
432540
432580
432590
432600
432620
432640
432650
432660
432670
432710
432720
432770
432780
432800
432810
432850
432870
432890
432940
432950
432970
432980
432990
433000
433020
433050
433080
433090
433100
433110
433120
433130
433170
433180
433190
433200
433210
433220
433280
433290
433300
433320
433340
433350
433360
433370
433380
433390
433400
433420
433430
433450
433480
433490
433520
433530
433550
433570
433580
433590
433600
433630
433640
433650
433660
433670
433700
433710
433730
433740
433750
433780
433790
433830
433840
433850
433860
433890
433900
433910
433920
433930
433950
433960
433970
434000
434020
434030
434040
434050
434060
434070
434090
434130
434140
434150
434160
434170
434180
434190
434210
434220
434230
434240
434250
434260
434270
434280
434290
434300
434310
434340
434350
434360
434370
434390
434400
434420
434430
434460
434470
434480
434490
434500
434510
434520
434530
434540
434550
434570
434580
434600
434610
434620
434630
434640
434650
434660
434680
434700
434730
434740
434750
434760
434790
434800
434820
434830
434840
434860
434870
434880
434890
434900
434910
434920
434930
434940
434950
434960
434970
434980
435000
435010
435030
435040
435050
435060
435070
435080
435090
435100
435120
435130
435140
435150
435170
435200
435220
435230
435240
435250
435260
435300
435340
435360
435370
435380
435390
435400
435410
435420
435440
435450
435480
435490
435500
435520
435530
435570
435610
435730
435740
435750
435760
435770
435780
435790
435800
435820
435840
435910
435960
435970
436000
436030
436040
436050
436060
436080
436090
436110
436120
436130
436140
436160
436170
436180
436190
436230
436240
436250
436260
436270
436280
436290
436310
436320
436340
436360
436390
436400
436420
436430
436460
436470
436480
436490
436500
436510
436520
436530
436550
436560
436570
436580
436590
436600
436610
436620
436630
436640
436650
436660
436670
436690
436700
436710
436720
436730
436740
436780
436790
436800
436810
436850
436860
436870
436880
436910
436920
436940
436950
436990
437000
437010
437020
437030
437050
437060
437070
437080
437090
437100
437110
437140
437150
437160
437180
437220
437230
437240
437250
437340
437360
437380
437390
437420
437430
437440
437520
437530
437550
437560
437570
437580
437590
437610
437620
437630
437640
437660
437690
437700
437710
437720
437730
437740
437790
437860
437870
437880
437900
437920
437930
438000
438010
438020
438030
438040
438050
438060
438070
438080
438090
438100
438110
438120
438130
438140
438150
438160
438170
438180
438200
438210
438220
438230
438240
438250
438260
438270
438300
438310
438320
438330
438340
438350
438360
438380
438390
438420
438430
438440
438450
438460
438480
438490
438560
438590
438600
438640
438650
438660
438680
438690
438710
438720
438730
438770
438780
438790
438810
438820
438850
438860
438870
438900
438910
438920
438940
438950
438960
438980
439190
439230
439250
439260
439310
439330
439340
439370
439390
439420
439440
439450
439460
439470
439490
439500
439510
439530
439540
439550
439560
439570
439580
439590
439600
439610
439620
439630
439640
439650
439660
439680
439690
439700
439710
439720
439730
439740
439750
439760
439770
439780
439790
439800
439830
439860
439880
439900
439910
439930
439940
439960
440000
440020
440030
440040
440050
440090
440120
440130
440140
440150
440160
440170
440180
440200
440210
440240
440250
440310
440340
440350
440380
440390
440410
440420
440430
440450
440470
440520
440530
440540
440550
440630
440640
440650
440660
440690
440720
440730
440740
440750
440760
440770
440790
440800
440810
440820
440860
440880
440900
440950
440980
441010
441040
441050
441060
441090
441230
441250
441260
441270
441280
441350
441370
441380
441420
441430
441440
441480
441490
441510
441550
441560
441600
441640
441670
441680
441690
441700
441710
441720
441730
441750
441760
441770
441790
441830
441850
441870
441910
441940
441950
441960
441990
442000
442010
442020
442050
442070
442080
442090
442100
442120
442140
442190
442210
442220
442230
442260
442280
442290
442310
442500
442510
442660
442710
442720
442760
442770
442780
442790
442810
442830
442840
442860
442890
443000
443020
443070
443110
443180
443190
443200
443250
443260
443270
443300
443320
443330
443360
443370
443380
443390
443400
443420
443430
443440
443450
443460
443470
443530
443550
443570
443580
443590
443620
443630
443640
443650
443660
443670
443690
443700
443710
443720
443730
443740
443750
443760
443770
443780
443790
443800
443810
443830
443850
443860
443880
443970
443980
444000
444020
444040
444090
444130
444140
444160
444170
444180
444190
444200
444210
444220
444250
444260
444270
444280
444330
444350
444360
444390
444410
444420
444430
444440
444470
444480
444490
444520
444530
444540
444550
444560
444570
444580
444590
444600
444610
444620
444640
444660
444670
444680
444690
444710
444720
444740
444750
444760
444770
444780
444800
444820
444830
444870
444880
444890
444910
444930
444940
444970
444980
444990
445000
445020
445040
445050
445070
445080
445110
445130
445140
445170
445190
445200
445210
445220
445230
445260
445310
445340
445350
445380
445420
445430
445440
445450
445490
445550
445600
445670
445680
445690
445700
445710
445720
445750
445770
445790
445800
445840
445850
445870
445890
445920
445930
445950
445980
445990
446000
446010
446020
446040
446050
446060
446070
446080
446090
446100
446110
446120
446240
446250
446310
446320
446330
446340
446350
446380
446390
446430
446440
446450
446460
446470
446480
446490
446510
446520
446530
446540
446550
446570
446600
446610
446620
446640
446650
446750
446760
446770
446780
446790
446800
446810
446830
446840
446850
446860
446870
446880
446890
446900
446910
446950
446960
446990
447000
447010
447020
447040
447080
447100
447120
447150
447170
447180
447190
447200
447210
447220
447240
447250
447270
447290
447300
447310
447330
447340
447410
447440
447480
447530
447540
447570
447690
447700
447740
447780
447800
447820
447840
447850
447860
447870
447890
447920
447930
447940
447950
447960
447980
447990
448000
448010
448020
448050
448060
448070
448080
448090
448100
448110
448140
448150
448160
448170
448180
448200
448230
448240
448270
448280
448290
448300
448310
448320
448370
448380
448390
448400
448440
448470
448480
448500
448510
448530
448540
448550
448560
448570
448580
448610
448620
448630
448640
448650
448670
448690
448710
448720
448730
448750
448760
448780
448790
448800
448810
448820
448830
448840
448850
448860
448880
448910
448930
448960
448980
448990
449000
449010
449020
449040
449050
449060
449070
449080
449090
449120
449130
449140
449150
449160
449170
449180
449190
449200
449210
449220
449240
449250
449300
449310
449320
449330
449340
449350
449360
449370
449390
449400
449420
449450
449460
449480
449500
449510
449520
449530
449540
449550
449560
449570
449600
449610
449640
449680
449690
449700
449710
449720
449730
449760
449770
449780
449800
449820
449900
449910
449920
449930
449940
449950
449960
449980
449990
450020
450040
450050
450060
450070
450080
450090
450100
450110
450120
450130
450140
450150
450170
450190
450220
450240
450250
450290
450340
450350
450390
450440
450470
450480
450500
450510
450540
450550
450570
450590
450600
450630
450650
450660
450670
450700
450730
450740
450750
450760
450780
450790
450810
450820
450850
450860
450870
450890
450950
450960
451000
451010
451020
451030
451050
451060
451080
451100
451130
451140
451160
451200
451210
451290
451310
451330
451340
451350
451360
451370
451380
451400
451410
451450
451460
451480
451490
451500
451510
451540
451560
451570
451580
451590
451600
451610
451630
451640
451650
451660
451670
451680
451690
451700
451710
451730
451760
451780
451790
451800
451810
451840
451870
451880
451900
451920
451930
451940
451950
451960
451980
451990
452000
452060
452070
452120
452180
452190
452230
452240
452280
452290
452320
452340
452410
452420
452440
452450
452470
452490
452510
452520
452530
452570
452650
452710
452850
452860
452870
452890
452900
452920
452930
452960
452970
452980
453020
453030
453060
453090
453100
453130
453160
453200
453220
453240
453250
453260
453270
453280
453290
453300
453310
453320
453330
453340
453350
453360
453390
453400
453460
453470
453480
453510
453620
453640
453650
453660
453670
453690
453700
453710
453720
453730
453740
453750
453760
453770
453780
453790
453810
453820
453830
453840
453850
453860
453870
453880
453890
453900
453910
453950
453960
453980
453990
454000
454010
454030
454060
454070
454080
454100
454110
454120
454130
454140
454160
454170
454180
454190
454200
454220
454230
454240
454250
454260
454300
454320
454330
454340
454350
454360
454380
454390
454410
454420
454440
454450
454480
454520
454530
454540
454550
454560
454570
454580
454590
454610
454630
454640
454650
454660
454670
454680
454690
454700
454720
454730
454740
454750
454770
454780
454790
454800
454830
454870
454890
454900
454920
454950
454960
454970
454980
455000
455020
455030
455040
455050
455080
455100
455110
455120
455160
455170
455190
455200
455220
455230
455250
455280
455300
455310
455320
455340
455370
455400
455440
455460
455470
455480
455490
455510
455520
455530
455560
455570
455590
455620
455640
455660
455670
455690
455710
455720
455740
455750
455760
455770
455810
455820
455830
455900
455910
455920
455940
455950
455960
455970
455980
455990
456020
456030
456050
456090
456100
456110
456120
456130
456140
456150
456160
456170
456180
456200
456220
456230
456280
456290
456390
456400
456410
456420
456430
456440
456450
456470
456480
456510
456540
456560
456600
456630
456650
456660
456670
456690
456730
456750
456760
456780
456810
456820
456830
456880
456890
456910
456920
457000
457010
457090
457100
457120
457130
457140
457160
457180
457190
457210
457230
457250
457260
457320
457330
457340
457350
457370
457380
457410
457420
457450
457470
457480
457490
457520
457530
457550
457560
457570
457580
457600
457610
457650
457660
457670
457680
457690
457710
457720
457730
457760
457770
457790
457810
457820
457830
457840
457860
457870
457890
457960
457980
458000
458010
458030
458040
458060
458080
458100
458110
458120
458160
458170
458180
458200
458230
458250
458260
458270
458280
458290
458300
458310
458320
458330
458360
458370
458380
458400
458410
458420
458430
458440
458450
458460
458470
458480
458490
458500
458510
458520
458530
458540
458560
458580
458590
458600
458620
458630
458640
458660
458670
458700
458710
458730
458740
458750
458760
458770
458790
458810
458820
458830
458860
458880
458910
458920
458960
458970
458990
459010
459020
459040
459050
459070
459080
459090
459110
459120
459130
459140
459150
459160
459170
459210
459220
459240
459260
459280
459290
459310
459320
459330
459350
459360
459370
459380
459410
459460
459470
459480
459490
459500
459520
459540
459550
459560
459580
459590
459610
459630
459640
459670
459680
459730
459750
459760
459770
459780
459790
459820
459830
459840
459850
459870
459880
459890
459900
459940
460010
460030
460060
460070
460120
460140
460150
460160
460190
460210
460220
460230
460240
460250
460260
460280
460340
460390
460420
460430
460440
460450
460470
460500
460510
460540
460560
460580
460630
460640
460650
460700
460730
460750
460760
460780
460790
460810
460850
460880
460890
460910
460920
460930
460940
460950
460960
460970
460990
461010
461020
461030
461040
461050
461060
461090
461100
461110
461120
461130
461150
461160
461170
461180
461190
461200
461210
461220
461230
461240
461250
461280
461300
461320
461340
461350
461360
461370
461380
461390
461400
461410
461430
461440
461470
461480
461500
461510
461520
461530
461540
461550
461560
461580
461590
461600
461620
461640
461650
461660
461700
461710
461730
461740
461750
461760
461780
461800
461810
461820
461830
461840
461850
461860
461870
461880
461890
461900
461930
461940
461950
461970
461990
462000
462070
462100
462110
462120
462130
462140
462170
462210
462220
462240
462250
462260
462280
462290
462360
462380
462390
462400
462420
462480
462520
462530
462540
462550
462570
462580
462590
462600
462610
462620
462630
462640
462670
462680
462700
462730
462740
462770
462780
462830
462860
462910
462920
462930
462940
462960
462990
463000
463010
463020
463030
463060
463070
463080
463090
463100
463110
463120
463130
463140
463150
463160
463170
463180
463190
463200
463210
463220
463250
463270
463290
463310
463320
463330
463350
463390
463400
463410
463430
463440
463450
463460
463470
463480
463490
463510
463530
463540
463590
463600
463610
463630
463670
463710
463720
463730
463740
463760
463780
463790
463800
463810
463830
463850
463860
463870
463880
463900
463920
463930
463940
463950
463980
463990
464000
464020
464040
464050
464060
464070
464080
464100
464110
464120
464130
464140
464150
464160
464170
464180
464190
464200
464210
464220
464230
464240
464260
464270
464290
464300
464310
464320
464330
464340
464350
464360
464380
464390
464400
464410
464420
464430
464440
464450
464460
464480
464490
464500
464510
464520
464530
464540
464550
464560
464580
464590
464610
464620
464630
464640
464650
464670
464680
464690
464700
464720
464730
464740
464780
464790
464800
464810
464840
464850
464860
464880
464900
464920
464940
464950
464960
464970
465000
465010
465020
465040
465050
465060
465070
465090
465100
465120
465130
465150
465170
465180
465190
465200
465210
465230
465240
465250
465280
465290
465310
465320
465340
465360
465400
465410
465420
465440
465450
465470
465480
465490
465510
465520
465530
465540
465550
465560
465570
465600
465610
465630
465660
465670
465720
465730
465750
465760
465780
465830
465840
465860
465870
465890
465900
465920
465930
465950
465960
465970
465980
465990
466000
466010
466020
466030
466040
466050
466060
466070
466080
466100
466110
466130
466160
466170
466210
466240
466250
466270
466280
466290
466300
466350
466360
466380
466390
466420
466430
466440
466450
466460
466490
466500
466520
466530
466540
466550
466560
466580
466590
466630
466660
466710
466720
466730
466740
466770
466780
466800
466810
466820
466840
466860
466870
466890
466900
466910
466920
466930
466940
466960
466980
467000
467030
467040
467050
467070
467090
467170
467210
467220
467230
467260
467270
467290
467300
467310
467320
467330
467340
467350
467360
467370
467380
467390
467400
467440
467470
467480
467490
467500
467510
467520
467540
467600
467620
467650
467660
467680
467700
467710
467720
467740
467750
467760
467770
467780
467790
467810
467820
467850
467870
467890
467900
467910
467930
467940
467950
467960
467980
468010
468020
468040
468050
468070
468080
468100
468110
468130
468140
468150
468160
468170
468180
468190
468240
468270
468280
468310
468320
468330
468350
468360
468410
468420
468460
468490
468520
468530
468550
468560
468570
468580
468600
468610
468650
468670
468700
468720
468730
468740
468780
468790
468800
468820
468890
468900
468920
468930
469050
469520
469530
469540
469550
469600
469610
469670
469680
469710
469720
469730
469740
469750
469780
469790
469800
469820
469850
469890
469900
469910
469920
469930
469940
469980
469990
470000
470020
470030
470040
470060
470070
470080
470090
470130
470140
470160
470170
470180
470190
470200
470210
470220
470230
470260
470270
470280
470300
470310
470440
470450
470470
470480
470490
470500
470540
470570
470580
470590
470670
470690
470740
470750
470760
470770
470780
470800
470870
470890
471010
471160
471170
471200
471220
471240
471250
471310
471320
471330
471380
471400
471410
471450
471550
471570
471630
471640
471650
471660
471700
471710
471720
471730
471740
471750
471760
471770
471800
471810
471870
471890
471900
471920
472060
472070
472350
472420
472490
472630
472670
472680
472720
472740
472750
472770
472830
472850
472870
473050
473090
473100
473110
473120
473140
473410
473420
473440
473450
473460
473470
473480
473510
473520
473530
473540
473550
473560
473590
473600
473610
473660
473670
473690
473720
473750
473770
473780
473810
473840
473850
473910
473920
473950
473960
473970
474010
474020
474030
474040
474050
474210
474220
474240
474260
474620
474720
474730
474740
474750
474760
474770
474810
474830
474850
474860
474880
474890
474910
474960
474980
475010
475050
475070
475080
475090
475110
475130
475150
475190
475210
475230
475240
475420
475460
475490
475520
475530
475550
475620
475630
475960
476000
476010
476020
476030
476040
476050
476240
476250
476370
476410
476420
476430
476440
476450
476460
476470
476480
476490
476500
476510
476530
476540
476560
476570
476600
476620
476650
476670
476680
476690
476700
476710
476860
476870
476910
476920
476940
477000
477010
477020
477030
477050
477120
477130
477140
477160
477170
477180
477190
477200
477260
477270
477290
477310
477720
477730
477740
477750
477760
477770
477800
477810
477830
477840
477850
477870
477880
477890
477900
477910
477950
477990
478000
478010
478030
478040
478050
478200
478210
478950
478960
478970
478980
478990
479000
479010
479040
479060
479100
479110
479120
479140
479150
479170
479180
479200
479220
479230
479270
479310
479330
479990
480410
480430
480450
480470
480480
480490
480500
480520
480560
480580
480590
480600
480630
480640
480650
480690
480710
480770
480900
481090
481110
481180
481190
481360
481420
481490
481510
481600
481750
481870
481950
482210
482220
482300
482330
482340
482370
482390
482400
482410
482420
482450
482460
482720
482770
482890
482920
482990
483300
483330
483420
483450
483490
483670
483680
483770
483790
483800
483820
483830
483840
483850
483950
483960
483970
483980
484340
484350
484360
484390
484810
484820
484830
484840
484860
484870
484890
484900
484910
484920
484930
484940
484950
484970
485000
485010
485020
485030
485040
485050
485070
485080
485090
485100
485110
485130
485140
485150
485160
485170
485180
485190
485200
485210
485230
485240
485260
485280
485290
485310
485330
485340
485350
485360
485370
485380
485390
485400
485430
485440
485450
485460
485490
485500
485510
485560
485570
485600
485610
485620
485630
485640
485650
485660
485670
485680
485690
485710
485720
485730
485750
485760
485770
485790
485800
485810
485820
485830
485840
485860
485870
485880
485890
485900
485920
485950
485960
485970
485980
486000
486010
486020
486040
486050
486100
486110
486120
486130
486140
486150
486170
486180
486190
486200
486210
486220
486230
486270
486290
486300
486310
486320
486350
486360
486370
486380
486410
486430
486440
486460
486470
486480
486490
486500
486510
486520
486530
486540
486550
486560
486570
486630
486640
486650
486660
486670
486690
486720
486760
486770
486780
486810
486830
486850
486860
486890
486940
486960
486970
486990
487000
487010
487020
487030
487040
487050
487120
487130
487150
487160
487180
487210
487220
487240
487250
487280
487300
487320
487330
487350
487370
487380
487390
487410
487430
487480
487490
487500
487510
487520
487530
487540
487570
487580
487590
487600
487610
487630
487700
487720
487730
487740
487770
488020
488040
488050
488060
488070
488080
488100
488110
488120
488130
488140
488150
488160
488190
488210
488220
488280
488300
488310
488320
488330
488340
488360
488370
488380
488390
488400
488430
488440
488470
488480
488500
488530
488550
488560
488580
488590
488620
488630
488640
488650
488660
488690
488700
488730
488750
488760
488770
488790
488800
488810
488820
488850
488860
488890
488910
488920
488930
488950
488960
488970
488990
489000
489010
489020
489050
489070
489080
489100
489110
489120
489140
489160
489170
489200
489220
489240
489250
489260
489300
489320
489330
489350
489360
489370
489380
489410
489440
489450
489470
489490
489500
489520
489530
489540
489560
489570
489580
489590
489600
489610
489620
489630
489640
489660
489670
489700
489720
489730
489740
489750
489760
489780
489810
489830
489900
489920
489930
489940
489950
489970
489990
490040
490070
490080
490100
490110
490160
490170
490190
490220
490230
490240
490250
490260
490270
490280
490300
490310
490320
490360
490370
490380
490390
490410
490430
490450
490480
490510
490650
490690
490820
490850
490860
490870
490880
490890
490910
490920
490930
490950
490980
490990
491000
491010
491020
491040
491060
491070
491090
491100
491110
491130
491160
491180
491210
491220
491230
491240
491260
491280
491290
491330
491340
491350
491370
491380
491390
491400
491410
491420
491440
491470
491490
491510
491520
491530
491540
491550
491560
491580
